228
711
247
273
373
975
656
698
444
872
551
236
19
185
733
680
15
866
114
606
151
988
95
554
590
905
177
795
172
47
586
823
598
582
939
36
784
755
886
171
148
603
675
677
568
64
325
621
44
223
661
821
994
641
305
416
436
333
179
421
959
202
293
403
818
82
292
309
344
489
429
515
105
495
389
806
665
192
108
577
604
831
933
843
200
232
230
182
517
944
406
719
103
516
365
622
193
761
683
374
30
454
189
858
527
505
651
842
126
132
451
534
140
607
528
828
829
391
175
77
35
212
157
845
465
327
903
926
50
708
737
938
115
386
359
670
543
744
865
600
125
52
648
224
350
752
63
681
820
985
46
471
352
456
259
256
59
268
531
619
984
629
955
980
717
209
930
262
49
158
502
181
379
734
382
561
38
920
142
640
3
624
668
983
453
992
404
797
329
412
789
119
130
847
802
987
462
637
101
663
445
729
578
366
759
206
235
674
550
11
225
197
178
159
969
92
432
941
467
72
545
419
558
219
313
836
613
880
6
351
458
611
109
888
488
863
796
803
417
88
881
840
294
673
280
1000
153
835
672
420
135
238
286
539
301
316
535
615
960
65
620
233
277
549
269
633
967
776
124
511
520
319
410
557
514
999
317
896
102
76
253
699
22
862
283
32
10
585
970
763
556
922
107
349
890
174
156
753
100
869
655
250
161
523
730
756
918
18
411
215
544
459
320
129
211
503
60
380
771
974
968
496
376
452
8
163
817
982
997
877
934
191
650
998
976
710
526
946
354
336
321
567
483
149
168
707
55
724
504
951
487
669
686
31
553
801
766
367
990
861
800
474
927
704
760
630
635
882
74
418
143
57
249
870
433
39
48
909
86
522
950
595
973
732
464
83
61
696
601
765
852
525
596
300
634
289
859
29
616
529
205
541
14
402
779
408
537
583
510
264
895
78
162
741
255
387
67
139
932
794
335
267
120
825
965
685
384
658
954
720
314
764
570
657
757
481
304
508
593
605
355
470
718
334
347
687
54
12
323
260
21
612
694
435
5
117
1
361
530
339
678
773
948
218
754
388
37
244
989
956
943
79
812
644
371
832
642
521
370
682
524
876
231
636
979
653
461
844
20
645
887
58
213
966
740
246
735
552
281
610
364
501
468
409
104
787
774
369
343
110
407
330
569
188
856
221
538
854
924
977
716
422
839
9
28
874
448
210
608
572
480
798
745
809
666
41
393
287
311
437
654
414
477
702
816
851
917
56
507
575
907
775
584
152
848
106
499
778
315
358
169
827
251
234
692
80
728
383
122
42
885
513
747
385
399
440
631
824
560
563
431
363
94
424
548
271
442
176
652
664
398
26
266
542
71
469
841
288
638
626
252
446
164
731
204
790
98
413
646
786
688
340
540
703
659
819
368
272
475
555
893
390
337
826
991
91
392
571
532
299
573
141
936
154
401
868
415
85
332
23
838
201
173
356
562
902
788
618
217
706
912
423
81
497
455
306
97
684
274
248
833
647
493
743
971
855
660
284
134
282
565
837
394
519
574
4
87
830
962
318
258
145
357
628
884
875
715
439
625
536
942
116
298
396
546
187
195
133
34
712
559
891
738
928
963
772
576
736
929
770
89
811
166
750
993
949
73
981
194
395
953
690
479
579
147
725
434
263
478
791
925
853
123
199
589
75
146
547
813
276
815
295
919
701
227
892
491
509
310
375
93
7
155
17
957
441
746
328
118
113
649
229
450
713
348
207
484
799
947
170
326
53
25
564
51
978
769
447
472
13
136
693
857
500
45
873
265
66
84
751
804
878
793
278
937
705
889
498
676
490
460
709
184
781
580
112
96
27
860
463
871
486
466
33
426
121
923
494
914
599
785
24
208
296
849
342
308
777
996
482
341
275
70
127
632
643
894
533
167
138
353
691
405
913
518
758
324
237
609
904
180
940
190
952
137
492
916
345
99
443
331
768
592
697
245
879
43
597
302
762
581
242
749
834
908
972
807
377
131
602
931
214
186
240
792
362
222
303
587
473
995
506
910
901
805
883
360
850
425
810
220
427
700
285
958
739
397
241
667
261
257
279
165
986
270
906
476
671
898
111
485
512
617
346
62
254
742
964
594
695
68
726
961
591
911
689
438
372
899
614
2
428
307
203
378
822
183
846
783
808
679
198
945
566
639
623
780
723
721
322
338
312
627
921
867
216
290
144
588
748
16
897
400
727
196
864
239
767
69
782
714
291
935
90
160
128
814
297
381
430
457
40
662
226
900
243
722
915
150
449
