4875
638
4017
4914
1036
1482
2026
425
559
3810
4467
1220
1653
4240
2985
1225
2220
4761
1099
4943
1347
4234
1045
1539
4449
1793
3974
81
4566
4095
3683
3183
1142
4500
1786
4485
4792
974
711
3175
2306
4881
1388
4043
3214
1443
4191
1913
4100
3667
4498
2833
1015
4305
373
332
2829
3088
4139
3316
3157
981
225
3695
3537
25
3675
3879
2758
2249
1202
3904
1382
4956
2105
627
163
3314
2813
1897
3084
2372
1547
2619
656
3457
4687
2841
3025
3690
13
4778
4837
4555
1121
1089
2301
2709
3446
4682
762
1108
3859
3981
417
4450
53
3200
2742
78
1490
2442
1996
4501
3901
3386
4074
3415
4050
308
1452
3257
3030
1760
3476
290
3050
4338
24
2096
433
2646
746
903
2654
1363
2285
1131
1764
940
2078
728
4684
1974
3803
492
3616
3682
2917
803
2330
3381
344
1127
3348
972
1929
2931
4271
4747
1052
3927
3965
3912
2386
2440
102
4020
2598
3039
3811
1969
3875
2604
1002
3665
1126
1698
1251
232
813
1437
1421
3749
2643
1625
2235
254
4880
3429
1882
822
3994
2263
4893
4398
4032
440
3753
3727
2266
2636
2700
2881
4656
4006
4969
2822
4079
3377
1920
2886
4331
1766
1301
1896
3542
2679
1254
2714
3085
4540
4826
509
3172
3692
1833
1171
2582
3013
3236
103
599
310
3109
3103
1604
33
1420
1338
2740
4683
1745
41
4728
2009
3219
662
4280
390
4851
852
3967
3975
2861
3239
3000
2194
2378
1942
1987
3645
2891
2730
3005
3972
3018
1324
1756
4413
3121
4541
2927
3161
1914
2087
128
2770
3599
1287
900
1708
2647
4521
1656
164
4856
4128
1480
3529
4505
3368
1497
2447
2879
2769
2968
1182
15
4841
2005
4141
2815
304
1705
584
8
4110
4120
1022
1963
2474
273
866
1195
2783
193
3580
910
1724
2933
4948
4916
312
1390
4318
2041
4968
2919
827
716
1819
36
770
3259
1293
574
3006
1629
2929
2978
4407
1325
3265
4039
157
2152
4404
4569
4548
3405
2450
3664
591
3855
2139
1988
4158
2799
4303
3728
3717
3181
3704
2803
926
2759
1393
3190
30
3617
474
4278
825
4405
4680
1685
1821
1771
1861
2766
4527
2117
3744
3347
349
2130
3963
2424
1084
1302
3266
39
2448
3127
3396
3935
4099
2338
1512
3106
2226
1389
3267
2252
507
969
2361
1824
4434
2690
3370
74
2753
2230
3456
2100
2340
2556
4317
2436
40
184
3948
698
3301
2161
2651
2218
2663
72
1694
706
4512
4918
3914
127
1462
4225
3970
1773
1001
219
2435
2816
4257
1290
286
2224
339
2741
56
1848
3531
524
2666
3605
1763
2022
2380
3990
2352
4765
3784
607
1468
434
159
4465
1280
4795
1412
4563
1191
3708
212
4821
569
2501
1772
775
381
1732
4068
4616
3755
4156
3024
268
632
3398
287
2650
4513
2694
1836
4602
3
2368
4169
3929
2035
3074
3507
4788
1790
2958
4595
2400
1899
4297
4112
3145
4524
1471
4847
4637
1830
3425
1752
408
1181
4081
3819
1748
557
4729
3680
4034
1975
3307
2920
3982
1655
4448
1189
1418
3589
406
4509
4396
4597
3035
888
3510
3809
3212
1050
3094
1320
4496
2355
3710
335
1056
4928
776
772
2889
2088
3294
4324
2182
2744
1733
2846
1115
1538
2427
4937
3998
3739
3479
1038
4104
2971
3333
1977
3313
890
2565
43
4220
4209
3009
624
2632
4601
1887
1333
480
4187
3243
1283
2103
2830
3240
3228
3731
3548
2585
44
3794
3388
3713
2990
2458
4886
1940
1326
533
1007
3027
2986
3318
3571
1979
1660
3248
4244
3144
2653
4374
1049
2367
4046
326
3423
4103
1223
4825
488
4015
4911
1787
3992
1493
3707
1117
4439
4013
2513
1982
4793
1365
3382
1783
4003
2945
4883
4327
3114
2164
1316
4474
755
1384
1120
3442
2359
3317
1123
4018
214
1856
1626
1196
3459
636
3379
4337
4644
2708
3447
3253
1573
3198
60
806
3366
1430
315
3924
3455
3634
4923
2594
2976
849
4690
4009
4392
4976
4262
2568
345
4480
4711
708
1391
2418
3733
895
3805
1354
111
2909
2684
4022
465
732
3738
2228
951
3131
3444
4693
992
1330
758
1664
3441
1076
1473
420
2270
4175
4092
1808
3371
944
4477
947
953
4475
3315
2004
503
1958
1147
1113
3723
3327
3062
1069
4640
1486
3416
962
4575
3661
1704
1649
995
4090
4428
1350
3077
1501
4626
3853
263
669
3639
1701
3375
2419
3694
1135
3209
1676
4313
2029
4592
625
867
216
1526
3491
4365
1675
4284
3174
144
93
1521
3516
1095
3919
683
3359
473
830
4869
3997
2016
3241
2119
4799
3481
1561
3685
4195
4347
743
794
2146
1978
2213
321
4194
3335
2392
2542
2746
1776
2928
260
3311
2184
4611
4772
3512
897
173
3797
2622
2840
4645
1665
2239
3153
4452
3812
3251
3280
3322
2925
1670
3995
4166
4055
3002
4999
4207
3528
978
530
3124
4840
3687
2777
4781
999
275
4712
860
4742
4767
3326
4817
4667
1106
213
2820
1827
2942
2112
600
2241
3614
429
1700
516
1461
4973
2635
3526
4470
4726
3293
4236
2577
2558
2025
3069
2960
933
773
3790
4822
2916
1460
1253
3519
118
34
3712
1260
80
3908
4479
3999
1387
2169
1859
4903
4432
3244
4229
2396
4038
2912
113
3521
2865
2649
3132
2505
4721
1990
771
3496
2725
2383
1559
485
1381
4898
86
3237
2808
1946
876
2202
380
1765
4239
4242
2348
3894
3463
1668
3400
2389
4905
2877
446
2397
457
2101
2384
7
4579
3954
3944
432
3179
3217
1589
411
4977
2987
2728
1335
2305
1011
2631
1224
3176
4086
2771
2561
4985
3968
3205
3868
3555
404
1476
3772
2165
2628
1492
3796
1717
4310
2685
3401
710
3355
2420
2776
1687
3513
1802
804
2311
4936
2052
121
681
3196
4058
855
3473
964
4248
168
4159
3813
396
941
4681
1797
194
2402
4997
2940
2254
4850
3053
945
1233
4409
51
1336
447
1853
2017
2250
1739
2072
4026
4934
4134
2885
998
2255
2006
2374
4959
629
4938
4733
3342
3141
2358
3791
1232
871
3701
2570
1451
3369
4418
186
3461
2624
3540
4829
649
4355
352
2071
3276
2834
3225
4198
2828
2884
2779
149
571
2413
1485
1139
2452
1994
4064
582
802
1932
3165
4550
2634
3045
4556
2151
1981
258
2832
3407
2502
155
4232
477
3389
4814
3545
402
2722
2970
3049
1616
3275
109
1840
4802
2464
3066
2672
590
3989
3051
1599
3487
3932
2360
4125
28
1198
2515
1125
4181
2697
132
1710
739
1104
253
1085
580
4056
3437
4363
2135
4472
61
70
1842
4771
2952
616
484
1722
256
543
3021
2581
3668
2571
2607
244
541
1058
1138
526
4676
831
2185
4515
4499
3899
787
3729
3578
4352
4609
4136
4185
2950
363
4981
2482
4146
2938
3905
544
3863
4755
3162
1273
1916
195
1607
191
2543
2904
1567
3078
2019
3887
1777
4384
1163
3833
2812
1681
1446
1010
4123
2160
2342
658
3358
4776
4868
714
4594
3629
1877
4514
2485
154
989
2751
870
2848
4438
914
4670
2792
4810
4848
592
171
3663
545
623
3453
1032
299
1086
2508
1442
1249
4538
3285
1891
2390
3365
4809
1921
1009
1371
3622
3734
1767
595
4694
2640
4085
2797
1972
4302
877
1862
4334
2124
3514
4161
235
4369
3669
2778
707
4221
4894
2018
3585
354
1801
3829
925
4775
547
2959
220
1294
399
880
3101
1747
2807
2914
192
3603
889
3524
1965
269
3299
2729
431
2313
3193
560
2998
621
4122
2002
1634
4143
2989
2874
589
781
1206
4858
296
1444
2303
1713
59
3604
3801
2801
3910
3154
3003
603
1823
4033
2271
2983
2089
1652
4217
3779
2247
666
4078
1905
3170
792
816
1898
3821
1964
2010
2765
4148
1303
4235
2644
2238
4518
675
2827
3020
313
858
1782
1725
2984
3014
810
2493
948
3824
4710
4902
2171
2189
1359
4580
2683
452
2385
3238
2899
2525
495
2376
4281
2532
3856
2946
378
1328
3465
1757
1275
4190
3557
2937
4734
2538
369
1781
1427
2692
4806
1642
3226
448
4155
3443
4389
3746
2278
2284
1726
19
1952
2621
519
2578
3684
1926
2102
2055
3881
3220
4815
2688
686
1491
740
521
3977
309
1854
1292
1128
45
4456
4322
3676
3227
4600
238
3572
2863
4435
3089
1860
2541
912
4005
1413
421
4553
2814
2014
2021
2876
1962
4797
4294
489
3341
3720
4753
2843
2394
774
3789
2583
3518
3182
1980
1098
3953
2295
2901
1134
322
353
4849
4671
1517
1064
2030
6
2880
1378
4423
361
2859
4992
4388
1661
3207
4917
1268
2409
3841
4325
450
2626
4426
4121
75
3490
566
3621
2457
3573
976
907
1514
2404
3108
657
3653
2273
2092
1060
2605
4520
368
2407
4984
4678
3937
3546
2000
1669
1619
306
4554
188
1658
703
697
1167
1635
1348
1695
1893
3339
1578
4147
2574
4511
1973
3478
1054
1992
1775
4819
3031
3600
4016
3836
1143
1543
2519
2282
1617
4596
2913
2166
4444
3596
4672
4537
4267
2320
4047
1612
2217
1688
2734
4241
2373
819
1657
1231
3636
3780
791
3699
4752
2237
2133
4719
3363
2893
531
2279
2999
648
4736
1919
3303
3231
904
1753
3242
4469
786
3163
4570
1016
1769
2178
3192
4282
4703
1272
2066
4029
1319
3743
3475
552
2980
153
4646
2118
1288
179
2592
3123
4994
3843
3028
3722
4544
2375
3750
4757
4288
2137
2120
303
4892
4237
4201
3362
4293
1207
4762
4154
3619
3567
4912
587
4163
993
1248
4204
2596
4549
879
2107
3111
3503
1583
2031
1447
1880
1761
4627
3511
1943
264
3670
699
2648
1102
1235
4484
3858
1613
347
4695
1936
3076
101
1723
4789
1632
1944
2366
297
250
4023
1149
3918
441
4615
1395
4206
1424
1941
77
3559
1857
4131
4030
950
3930
4492
2613
4531
3492
1068
3329
572
705
1341
4764
1591
4842
1311
1183
3725
1300
1631
4716
3730
3804
4718
204
4641
1405
1759
4097
3582
2214
4124
1780
602
1601
1087
1696
4075
4899
968
223
2441
2962
4530
2286
1291
4794
1203
3566
4576
1014
3742
4476
942
1788
2695
2091
435
1407
3774
2417
1528
4358
4341
1789
615
2883
4254
4675
221
1740
3747
801
1503
2170
3331
1672
234
4378
2977
2804
1702
2610
2533
1939
829
514
2669
129
4504
4617
2948
4565
1122
2048
1392
2471
1000
1805
355
2856
1277
4932
3826
4212
3752
2243
246
4766
863
1429
4403
935
2548
2104
444
2510
2043
2044
1548
2020
311
35
965
2472
3564
2177
1376
10
4216
4709
4471
694
4468
2244
4812
3508
3957
2042
1734
1026
401
3011
4610
917
2875
3576
1917
4930
1077
3246
1813
3445
4007
166
323
1590
577
1154
2335
814
1637
2236
2211
1565
4035
763
3818
3703
3956
2719
2882
140
3289
1312
3436
837
3477
4222
3184
2761
1572
1976
983
382
1368
3851
4625
3865
2095
4052
5
1606
2343
4214
222
2024
3527
3983
833
2869
4291
4855
1796
479
4371
1334
4073
2572
82
2699
3884
3917
67
135
4059
3262
3815
4920
3399
3867
2536
4638
3460
1439
2531
4700
4951
4844
3575
2276
596
3925
2144
4415
3533
4487
1593
3328
1222
2111
4857
3562
4246
1809
200
4607
539
3693
1814
1212
861
3029
2126
3522
2620
610
2421
3032
4854
2549
857
3718
3189
2032
2113
3177
2671
4049
1067
50
1315
506
4390
3258
1372
437
2597
2377
2716
2972
3036
612
3117
2187
4238
3760
4967
4528
583
4939
115
682
1835
4231
2033
199
2637
654
828
4574
4635
3057
4014
3080
3964
3987
2210
1806
554
505
2506
3835
2921
2439
3412
4215
3814
4910
752
2554
2787
2701
1434
4127
4273
1168
887
126
3357
3488
3079
780
3888
540
3627
4044
1592
2316
1885
1542
930
1957
1055
4165
1028
395
3869
1323
1057
4820
301
4486
1467
4852
2408
4919
4897
1148
4724
1107
1449
2323
1153
1961
2076
1379
4144
1034
2267
2563
3638
375
4782
835
1586
1369
2528
1066
362
966
271
1031
898
1709
1433
1217
1523
1180
1456
2176
3698
4370
2522
2763
4304
1373
2325
2158
1477
4674
1750
2668
1933
1062
685
1795
1299
2547
1241
2702
672
445
2149
3413
3431
719
2412
136
4233
3741
1266
4861
4459
824
277
120
3195
536
1648
2944
1463
667
2445
69
3864
2363
5000
4368
817
2434
2854
4557
4796
4686
845
1037
4859
4315
3152
498
1489
2896
4344
3448
2132
1156
4401
2587
2057
1690
2444
3378
2497
463
550
205
2530
2082
379
2584
3837
609
2611
4142
1564
3392
4619
4552
1960
3093
563
2969
4785
491
959
3736
1309
692
4974
2606
1469
2461
2486
620
4346
886
4944
4996
2784
4926
1304
4339
1042
3486
3016
3624
1577
2129
2329
3532
4372
4836
891
2128
3167
2800
1013
3946
670
1394
3745
1441
864
3083
3902
613
4268
3642
174
237
4972
2988
785
892
3618
3004
2941
4483
2478
1094
3681
3271
189
4041
883
3756
133
3517
4888
2693
2110
1744
893
2711
3310
4559
731
1682
4942
2175
3679
4623
3870
4171
3353
4652
2172
3654
1496
4353
4157
3482
3414
1484
3651
4300
1445
2667
1855
511
3583
2225
203
4270
778
2229
4098
2058
3187
1228
3497
3955
2775
4458
4715
3817
2109
3263
3282
2852
611
2614
3951
2731
2415
443
3438
2310
2982
158
3886
1633
2163
1416
1051
4223
340
1285
2262
1230
3520
4746
2050
11
4348
4586
1869
633
32
2686
2062
4422
3110
1741
4955
2516
2756
1170
2481
3178
4150
3591
3581
3105
2736
3166
2437
1829
4360
967
4534
3330
2257
236
3697
52
760
1380
868
4493
3428
4679
4913
152
1419
4420
3394
281
209
3980
3612
2198
1662
341
2562
517
2438
832
4308
570
3541
2274
2511
1464
3119
2475
901
725
2147
376
3128
736
4581
224
684
3194
2192
2757
1784
4960
466
177
1552
1598
1818
3439
3485
3408
3877
317
3480
181
601
3854
3070
3168
4873
3928
1989
383
1892
4980
2588
754
1438
1436
3702
567
2272
218
3129
4567
2733
2849
3186
1151
712
1306
2473
294
3384
4183
4283
3820
3452
3763
2915
4745
4119
2995
71
2608
2304
1605
2545
3509
575
2261
3211
1639
4713
4350
3208
1971
1758
3260
3660
3671
2526
3345
150
952
167
659
2246
104
4382
4834
3064
1911
3426
3658
196
279
4895
319
661
3523
2364
742
664
356
2557
4349
3337
1403
1868
278
1357
139
3360
2630
4260
3838
4832
4497
2331
16
4725
4754
49
2689
2414
1295
862
493
859
1377
3911
1221
3201
1356
2356
3451
2504
3761
2188
642
2642
4606
4759
3056
1516
3609
4107
4335
4986
3724
2371
2008
970
2292
3059
27
4176
1383
2551
1355
727
3449
280
3424
2142
4180
3245
3949
1321
1879
796
1500
4758
3969
4126
1566
4263
3038
2205
4620
2762
3075
3767
2625
4425
1039
1340
2265
20
4359
385
3764
2911
2747
469
4200
4705
2416
2575
2269
413
2027
3221
464
393
3615
1511
4011
2429
3284
2495
1097
31
1075
2083
2788
1693
1643
324
4979
3563
4218
62
1396
4366
2480
2895
1820
4383
3113
3543
2203
3169
2866
635
4701
4433
1951
4286
4922
3320
3043
4760
4536
594
984
351
3846
3411
4587
1246
4067
1730
4019
4252
1533
4624
478
4862
680
4532
3122
4167
2322
1322
3229
1274
2174
4811
65
4473
818
1410
3898
2659
4400
4590
2934
4962
980
3483
2898
3539
3052
187
1035
403
2612
4954
3155
2069
4927
2529
2204
3356
3373
2926
3822
1718
1825
4096
3715
1159
1816
229
1712
4547
1641
4132
899
593
1923
3139
2455
2148
1850
3979
1176
3472
1263
1081
4367
48
3587
2664
1568
2773
3149
1518
2949
3936
2900
3913
2527
1411
1177
3586
958
1252
2823
1600
679
2049
1314
1298
2200
4727
1296
1178
1310
2326
2275
3631
1414
1689
2154
2318
2559
3773
3574
1208
3553
2403
894
265
2290
1219
1928
2951
2487
4089
4080
3850
490
3440
4219
733
2847
4807
3700
2902
2264
3800
57
1950
4533
1849
2858
3387
4882
3792
795
3156
3915
2297
3023
1912
2509
470
3544
4295
2036
1305
4699
4573
4265
856
3862
630
663
2579
107
757
1243
2737
2748
3579
3296
1908
4614
1934
267
2075
3112
409
919
2115
4188
4632
1133
2064
2806
2108
3938
717
3808
1791
371
3130
1173
92
1884
4642
2864
954
182
3602
2028
651
2079
3125
3270
1478
821
3158
4488
1308
3470
2106
1522
3706
3277
2206
4818
2315
4668
3489
3920
3945
4560
2157
1017
834
2507
805
4950
2037
529
3286
3380
4947
3788
1779
3754
4720
2677
1409
3180
853
1146
588
4845
2398
2617
634
4445
2601
3098
3530
2935
83
2121
1630
143
1161
2258
4276
3464
3628
292
4906
3338
840
4909
1663
799
4946
3505
4673
2713
3765
4117
4749
1345
2805
722
2732
1297
2576
4688
1991
2903
3324
3430
3402
645
2633
2524
841
2449
2314
4002
2718
4230
3816
1778
262
2892
1242
2260
3287
2140
3795
370
4879
259
1644
1475
407
42
1654
4373
4116
3673
4463
4320
986
4429
4196
3552
76
3304
1169
3188
496
1810
2099
1105
4402
2289
1047
4025
3385
3593
18
4722
2518
4259
2090
1680
896
4466
3087
1507
4406
2705
4867
1883
2724
782
3044
1194
797
1545
1351
2469
3073
1213
768
4831
1141
4677
1188
1556
1555
1465
4827
1008
2059
2216
4636
549
3140
3844
2908
3319
1
1817
2468
285
1366
1079
3893
3799
1537
2167
3793
3252
1012
3834
4411
1030
1895
1638
902
2040
1807
3839
906
4945
1455
4551
1841
1091
1318
971
3883
2094
2817
2294
3652
1024
4226
3026
1374
165
4816
1193
3102
1262
885
1714
1175
508
3458
934
1551
4546
556
2723
1603
747
1719
1307
546
4145
1137
2382
1046
2208
4481
4885
1343
90
1959
1063
2600
2381
2456
176
2831
4332
2432
2703
4001
249
1930
337
4162
4658
2790
3550
486
228
779
4111
1918
3474
3889
2046
726
197
4051
4060
3759
4599
1610
4940
4326
334
2855
4975
2268
2745
3907
2015
3783
4292
1902
3500
553
360
518
3985
2890
1811
2590
1267
1659
2023
243
4647
3588
3126
3895
4243
1487
4702
4891
180
1375
1385
3364
2489
4170
4031
614
737
338
4451
4921
744
1948
2573
1864
4535
3535
3135
4603
3637
4082
2074
3606
3120
3068
618
2652
2197
124
1858
1624
1474
2580
932
1955
1837
4345
1466
436
1061
397
811
3072
4649
3383
4351
2476
1550
4395
3978
922
3468
4301
1865
1187
578
3857
1498
660
3770
2156
1214
1803
3570
4697
1185
54
3063
1535
2932
955
1707
1426
3861
500
4394
3782
790
826
4605
2560
4661
4135
1495
346
1197
924
316
2872
1116
3199
695
3608
2967
73
1878
3613
2288
427
3469
608
1071
233
3909
678
2767
4887
4399
4876
1925
2067
1640
3806
1683
4634
2811
295
141
558
3748
1119
3939
2660
4253
4070
1327
652
982
1614
671
647
87
3218
2930
3878
2300
1021
1423
4342
1344
4227
4012
4495
3391
3501
3417
1743
555
2114
3659
47
3041
1970
3766
108
702
320
537
1532
1671
3419
4137
2362
2503
798
1894
4105
343
2954
2975
1986
330
4256
3498
2346
3986
151
2979
1703
3210
4168
358
3143
3777
631
2888
84
1686
4665
1998
4657
3971
1023
3762
4115
4591
329
1678
2743
1762
3146
2615
3740
2231
248
4106
2835
2749
4004
4057
4251
4164
4000
4692
3757
1735
1124
3048
2201
1286
1226
3033
1574
4391
729
1398
2051
644
3842
302
276
4118
4102
2333
2065
2853
1216
807
2540
1211
175
4773
2460
2253
2298
1737
4978
3107
240
1876
3558
4457
2391
1838
3686
738
1164
4321
2496
1515
2687
3279
2681
1915
1699
1179
4506
4274
3626
1199
1536
3984
2162
4965
1900
4446
4247
3450
3538
1006
1901
4312
3958
1370
4798
2045
1358
2443
586
2209
1715
4447
4066
471
4210
3827
2712
2136
3309
2991
2327
4864
2277
4455
2981
3993
4419
2678
4612
1096
3292
2868
1209
2924
4130
3897
2047
4354
639
272
4421
1937
2755
454
3142
372
4329
750
2873
1597
3008
2824
4437
784
909
4296
3646
1459
1278
3435
3010
1415
579
1628
4045
1706
1785
257
2956
523
513
928
3885
4208
3650
884
2539
4461
4340
2446
423
3297
247
4843
2974
783
1742
3635
2093
3672
3632
4386
4889
2641
3758
3150
929
4021
95
3807
2595
3689
800
4245
3354
4935
2125
3988
3786
4287
3302
1794
2339
4717
878
3845
3268
4507
4008
2566
183
3134
3960
1954
4770
1132
4878
874
298
4659
3830
3215
3610
3046
327
820
3017
911
1048
1258
1966
2406
4730
767
4908
1863
1581
1910
2860
2810
1525
515
2907
1983
1984
882
1509
3825
1505
4387
98
709
430
161
4309
937
2662
4907
1684
4424
388
3506
850
2212
4768
1575
4562
2936
548
3100
4272
4860
3022
4375
2623
1645
333
2905
4669
1043
4621
4053
3104
576
2369
4952
58
2727
4416
3249
2191
4751
789
2965
23
643
765
4491
3374
3787
3096
3160
4380
939
2550
1746
3007
2961
793
1502
100
2479
451
838
3255
2629
2923
1140
2785
4823
3343
3427
3504
3941
4516
4094
4578
2602
2786
215
3151
3688
2007
4941
2839
3484
2351
4182
4028
282
4561
1362
1204
2431
88
2063
4622
1935
2034
2365
1529
3204
3115
2122
4224
4633
2878
4174
64
305
3641
4803
532
4436
1402
985
1103
1289
665
1909
3831
4582
3420
3395
1020
4698
4925
4460
2661
851
1090
3781
1888
4065
2552
4489
1454
2196
2795
4502
1201
3962
4072
3295
4648
1673
4838
1798
410
4442
4071
2537
3434
812
1361
2997
1342
2844
4769
2245
4462
3921
2123
535
4508
2467
4743
14
428
3952
3197
1677
3556
564
4153
2838
112
4779
1968
1594
3611
528
1152
4440
336
4333
1524
4564
1483
4193
3735
3471
2159
3896
2060
4763
1822
1264
4915
2973
3534
1540
1636
318
3823
3577
1595
2334
1229
573
2227
3116
4786
4738
190
3306
2399
4189
3947
2993
756
4787
2782
307
4494
2068
2957
2752
1520
1435
3726
1697
2793
4653
172
4872
1815
2465
4890
4138
3290
2242
1019
2462
4199
2312
1650
3849
1041
3623
2963
2098
3283
1192
3852
1519
3015
1558
1397
4151
1875
3397
123
3923
1360
1609
1145
2299
85
3594
3950
3040
4805
3278
2328
400
1025
4543
2053
2906
3349
1072
1245
3325
4048
1618
2698
723
1237
2219
300
2492
3647
1329
839
973
2627
2994
4510
988
4630
367
3798
2764
872
1674
4264
2401
1873
3630
1157
3171
996
2222
1317
2791
1210
3224
2710
4933
1924
4197
1602
4258
2466
455
1832
169
1453
2523
4953
3565
3404
4866
700
4744
4598
3549
3467
4454
1003
2750
2347
4179
1826
201
1651
561
522
987
55
4991
453
1839
2077
2251
4963
3643
2153
459
2344
487
1184
3352
2379
3230
1448
4192
977
991
1470
3097
114
749
2673
377
3136
4202
2131
3281
3922
1458
1738
2842
3598
1422
2996
2097
1386
3086
1337
4525
1907
4255
439
424
4961
2085
4990
1406
1563
1257
3147
2433
715
1150
2145
3569
3906
2768
442
741
908
4545
4651
815
261
1088
1004
148
3361
3771
949
4298
2798
4830
3091
1544
3403
1531
915
4846
283
2850
2589
2675
3547
2193
3595
1576
1582
916
527
462
2
1401
4989
348
1851
2013
1109
1922
4036
458
3943
4571
2836
2992
1852
2038
4279
598
1587
4377
1494
4385
4490
116
696
2155
1615
22
2754
1541
3351
2780
4307
2349
96
217
4133
2302
3876
3560
2851
1508
1165
4691
1754
4443
1339
170
3716
357
314
2603
2837
17
226
1074
3274
146
677
227
130
4228
1092
2195
1158
137
2517
2319
693
4526
2454
1611
142
4108
2500
4808
3871
1906
3346
1282
1755
1364
2520
4431
2939
2488
1666
842
4261
713
2291
2499
2521
2422
748
3721
125
2665
3305
384
21
2794
3649
2234
66
2819
1059
2411
3012
2221
2544
392
3261
1472
2387
688
4865
2670
3422
3942
3099
1033
4750
597
4109
1431
1557
467
724
2470
414
2054
4629
4184
2682
208
2862
4319
4584
1112
1269
3778
4664
1770
2680
4076
2080
4088
3737
4982
1186
3340
1622
3880
2127
1956
3376
4517
415
4791
4689
4839
1931
2870
3873
1027
1029
3034
2183
3494
1995
266
4577
3959
1720
2498
3418
1812
4482
2966
3466
1417
366
1679
1843
449
460
2181
270
4152
1162
920
4970
913
990
502
3776
2332
2953
3903
3785
483
4572
1596
3644
542
650
1093
2309
1889
475
4998
2555
1261
4430
2535
3828
4741
3234
4408
1553
289
4316
4249
3432
2143
497
1881
2691
2569
848
206
501
1331
1440
1174
1510
1727
1083
3802
2336
4628
4988
2453
1947
1200
809
1070
3678
4631
4949
673
3235
63
4588
2011
4114
1997
2825
653
4040
1953
4828
3300
3454
1205
3866
3926
2199
520
704
1904
4706
1227
4
4740
1160
2395
4904
3495
1432
534
3159
4790
718
1218
3058
291
2307
3847
4756
394
1667
668
2459
3081
1404
3493
1847
2721
2593
843
617
4376
4087
2248
2477
2809
3061
4585
391
1190
2207
481
3592
2350
1627
1499
4993
4824
4784
342
4813
689
1580
2867
4417
3055
2073
1828
4427
4539
1244
2256
701
1488
2586
3666
1425
1114
865
2134
4441
3291
4958
3393
1691
2738
764
3137
4731
4801
160
921
231
3202
1428
3133
690
1259
68
2553
1130
3515
3067
4037
1065
97
328
3584
4901
1799
1080
3719
766
2357
961
3148
1870
274
4971
2428
1172
2546
2639
1872
1903
963
1569
2706
2845
1279
2704
364
386
622
2739
468
979
4519
510
4884
2039
3916
4523
4896
1284
3966
4924
122
3648
2964
3216
1692
2280
2287
1993
4983
4063
1271
293
619
4177
2393
4478
3561
1570
1549
2070
1620
482
3334
4655
426
38
2826
2707
4054
4685
1053
1513
89
1166
211
956
2802
3223
398
4618
3832
4412
4900
1270
255
4289
2818
3568
605
1504
202
1005
4414
4780
4027
4774
3973
1215
4931
2656
37
1236
4737
2918
4777
3312
3323
242
3173
106
4503
419
960
99
1250
4362
2534
4149
4558
641
759
869
3372
2796
1457
2283
4113
2061
1408
3625
1082
3042
931
251
975
3060
2451
4269
2324
4306
2910
2772
504
3882
957
4604
4608
4568
185
3601
2922
1129
79
1874
3082
4042
4877
1247
198
3406
4707
3090
854
2494
3768
131
691
1647
562
3590
753
938
604
1731
628
3409
905
1546
4323
4330
687
2616
3332
1078
4062
4357
3536
4957
3410
4101
3321
512
3256
1353
626
943
4140
3367
4542
2514
4871
3525
936
3047
847
4211
2180
2138
4929
2173
4529
3872
3840
3336
720
4583
1367
1945
3164
3001
105
551
359
241
4024
9
325
1588
808
640
2081
927
646
3344
4589
4178
655
3250
4129
418
3288
2871
4314
4091
4835
1927
4966
207
4410
210
4275
4833
3769
1749
3138
1349
2001
2618
2003
4397
2259
4343
674
734
3620
3657
1313
4660
3421
3233
4364
438
374
3203
2012
4285
1044
1890
873
230
1804
1101
2425
2564
178
119
3996
1352
3298
3390
1100
3551
2086
1845
4643
1534
2223
4266
4299
499
4336
4328
2947
3213
1256
844
2281
3019
2599
284
4995
2084
3976
1834
3892
1479
4381
4874
1967
3696
3991
3860
1999
4987
1239
3931
3095
1560
1949
3633
3350
1646
288
3222
2774
1554
3691
1562
387
4010
4662
3934
4593
4311
2426
2168
1281
3640
145
2894
3874
4663
4783
4361
472
4650
2353
3674
1506
350
3462
3705
2696
4205
46
2483
585
162
721
4654
1110
788
3191
2430
461
4084
1831
1728
1234
2317
4853
2943
846
3607
4964
4077
1866
3933
4393
1111
3848
538
1585
4666
2609
3662
3065
239
456
1238
2240
91
1255
2293
676
3655
1844
3554
1346
1711
2715
881
2821
245
4613
761
2645
606
2370
4277
3433
110
2638
1886
94
1579
4173
4203
1729
2463
4464
4639
4160
2308
2857
1040
565
4735
1450
4800
4723
2726
2955
923
4061
2345
3597
4708
1800
156
3037
2405
2296
1399
3254
1584
581
422
3054
1736
1527
3308
2056
3185
2887
3900
1073
918
416
1621
2789
494
3891
1332
1867
147
134
3711
3732
1774
2354
2341
2781
1871
1118
3247
2388
4172
3071
4714
2141
2150
4186
1721
2657
751
4739
3656
3751
3272
2655
1571
2233
1136
2760
26
3961
823
1481
4863
476
3502
138
4290
3714
1608
3940
4093
2321
730
1623
2717
2232
3232
946
2337
2591
1938
12
2484
252
3092
4522
4870
1155
3890
29
3269
2423
4696
405
875
836
2676
777
525
2674
3499
1265
3273
1276
994
4213
2190
331
4453
2512
3677
2658
4083
4356
745
1400
1846
1751
1716
2116
2186
2179
3118
389
4732
2410
1985
117
4704
3709
2215
2897
3206
365
1018
637
1240
2490
2735
412
1792
1530
4069
4379
2567
769
2491
3775
1768
3264
735
4250
4748
2720
4804
997
1144
568
