8155
2448
9489
4007
2314
6804
958
6664
332
8302
3812
9261
2439
6594
3329
5871
6949
6708
7738
9376
5323
4499
8477
2367
1204
5552
8951
7640
2275
663
3954
4338
976
9427
7969
5412
5853
7747
8750
3698
2897
6883
1260
5513
3976
4716
3051
6687
9791
3916
4023
1604
387
5846
9789
9144
2346
1090
5471
6459
6480
3731
7906
3522
7055
4985
4230
8749
3005
1183
9155
649
1327
8285
8658
2294
9999
212
2464
335
4717
3802
6201
349
4675
7048
4831
9348
9738
2348
4590
6465
3118
7335
9320
127
4788
3583
7945
8575
6622
6152
1468
3989
4745
2014
3767
8323
5206
5176
5233
8608
1830
7477
6744
1748
2887
3823
4676
3249
9499
6967
6273
3618
8073
990
393
1659
3516
8473
635
3816
2416
6527
9732
3787
7305
6341
6974
5325
9913
1308
8247
3434
1594
5898
2584
244
7146
9835
1528
6826
5120
7955
7318
8337
3443
3625
9187
8796
8556
4774
4253
1919
6692
7394
7082
6289
4709
5892
8372
4301
6065
9170
9700
4348
3056
4768
9447
6193
7050
8474
6384
6841
4
7046
4850
6734
6330
8345
2143
6068
6060
9655
2354
6174
9520
1289
473
9135
1028
6678
8070
3353
3119
7484
3495
6437
3331
5698
7846
5591
4591
371
3937
8310
3205
883
8948
4789
2673
4695
3779
1765
6748
509
4813
4043
7031
7490
8186
3484
1622
642
6878
884
9582
993
1915
5116
1814
3168
3439
3346
9260
7425
8487
363
2674
6952
8452
4619
9689
1483
9054
1555
7282
9250
5064
2770
7198
8464
6651
1347
5374
7668
3828
9578
3139
5218
5015
675
843
513
7772
9849
2026
1158
3384
8680
1680
906
8628
7518
8566
4719
2907
2604
1816
4563
849
4255
3181
1937
690
9981
4842
5178
6012
8920
9017
7974
4630
7628
3370
1995
6536
9757
9939
9538
9759
3456
9218
1873
3624
2323
2608
6643
1823
3121
1257
5712
4938
2459
61
171
7616
8440
5032
3965
542
1921
6816
1081
1235
4356
7150
9712
8040
8939
2743
2750
2094
2984
1277
1017
7057
6519
5817
6958
3350
3048
4567
1762
4648
9145
9169
344
6468
2155
1563
9661
2250
5496
7822
9706
4289
2666
237
5726
1727
9542
1262
9549
7535
5501
2595
1110
3780
2817
8856
6182
505
2066
4560
6565
1709
8961
6356
8866
8597
5740
4285
6884
1462
2228
8325
3163
9876
3488
158
6775
4189
7831
9950
4826
5142
3133
7003
4485
5386
1283
8882
8451
6247
6857
3990
3102
6966
1286
3403
6477
6058
2920
8909
9588
2905
204
636
2382
1034
6969
1518
1646
6739
3515
4365
5239
4843
6205
477
1758
5988
8738
8180
4401
3536
7762
4371
3252
6231
8282
1945
7296
1540
2733
8025
8497
6337
3927
9938
1400
2825
7071
1603
8469
8917
2289
2986
4912
9004
6515
2950
5474
3085
8560
2053
3761
6217
4817
3136
7288
497
7787
5074
7952
4072
9032
4319
4227
5419
9710
5387
8459
1040
1485
2915
7603
9768
7129
9889
7534
8404
7345
6161
7095
901
1084
9052
2521
4059
6293
9055
8316
4686
7361
6544
4165
1082
8784
8095
3431
4417
9755
9506
4221
2651
4403
772
9258
1616
3853
4662
2878
4330
2032
9933
4511
6675
4752
5505
908
8161
6523
994
6420
9878
7701
1885
8968
7664
5347
8693
5529
2033
2541
6570
3974
1161
3389
928
7341
2488
3919
915
2007
2933
6007
7992
3264
7190
6056
4465
3409
751
1559
6343
5025
6624
7519
4413
9630
1777
6452
5700
4032
2563
2850
4184
7694
3826
9886
5184
1908
594
2862
81
5439
3750
8453
8090
7627
2274
7244
4584
9411
8958
5564
4048
8673
6947
8419
6110
6391
3407
2291
4458
8811
4504
1342
3035
8050
909
7060
1855
2468
533
3078
2700
5089
6088
2793
4515
2398
9902
5637
7673
6918
1011
3507
700
6505
8168
1581
6243
5860
2835
6508
3122
927
4306
5754
4354
405
7589
4353
5578
5321
7376
8854
8223
1999
7994
1697
9328
5615
3160
9930
6221
2353
9922
4463
8842
1782
5525
6892
7924
7582
6425
2009
6257
1073
9263
4147
3907
9213
8579
2836
9818
8874
3997
3891
9121
4379
8248
1001
6244
9871
7790
2352
7105
4783
6022
5507
9130
6189
1146
9211
6626
7493
1543
3594
6822
5380
9809
2075
1804
9471
8379
3509
6155
6219
6113
6453
6901
5810
2023
7736
3066
5679
1527
1147
6698
9946
1684
9395
2689
1978
1721
9114
6882
272
4726
9222
1360
9955
8371
2573
6047
3526
6167
4199
7317
6002
9227
1437
7088
1850
8082
311
9477
29
7186
5416
3306
4324
1911
6939
4714
3809
6234
1800
8286
3867
5492
8535
6757
5715
7972
2176
971
538
7553
2943
6756
7358
4875
4310
6845
197
8135
4302
7980
2300
3696
2945
9918
5277
8045
9839
1553
1367
5657
7159
4999
3695
5272
8695
6039
4108
3199
563
2618
2481
6627
1119
6727
4002
8573
4014
8461
8411
1442
6169
8449
115
4433
875
8698
1334
8801
107
671
8723
7144
9786
5814
6572
1808
811
2718
9027
3806
9596
1019
1276
4556
8987
5109
3375
7114
7084
9161
2590
1484
7080
3879
4732
2837
7016
7102
6854
466
4332
2203
5829
8391
8036
2667
543
4377
7720
1969
9401
8524
959
7554
4628
2849
2807
3480
694
3909
7178
9123
8351
4880
5534
4627
4318
6557
153
3070
8976
2749
4111
2360
8410
8016
7372
1778
7584
8523
7914
5980
3049
2313
6879
2879
3684
1120
6677
7170
4077
2611
6903
1002
8836
3167
2533
5954
9279
6928
4961
935
1163
8993
7467
5922
5482
1072
410
41
3332
2707
1636
9313
8519
3986
2443
3554
4797
3068
9248
6365
5073
8981
6513
5333
8252
7826
3790
9565
9257
1015
9606
1613
6318
7392
8776
9599
7161
5024
586
8229
6691
5580
711
5895
9053
9099
6600
620
3972
7313
7687
265
2811
9668
7094
3011
2828
6400
4456
3549
4303
2158
7575
3003
4558
1198
2
9277
3895
4167
3524
2220
1459
3111
2502
4257
6308
5812
7718
6787
5678
1882
8992
4424
4806
1907
3599
1268
4810
8220
4372
4596
4295
7878
6484
7338
2213
2347
3985
8777
3604
5763
4501
7508
125
4064
3968
6906
3530
4569
5559
6348
6324
9388
9645
6044
5293
176
9569
2979
199
9122
2695
6545
4187
6913
3379
6411
9642
415
3099
7257
7217
7001
3204
1554
1567
3555
3155
4954
231
6957
8401
7
540
5759
1865
5187
9127
1391
8173
1520
7062
1503
1454
5352
4986
1798
8293
7741
1132
4749
8527
6905
9465
1584
24
330
6401
9179
4266
5090
3365
7066
767
3861
9063
1677
6919
1265
5628
4626
1104
9377
2208
8118
4987
5928
7858
8445
3446
2788
1133
6046
1589
4812
9769
4905
8998
4407
3961
2790
9911
5465
6087
5748
2780
4105
9005
3176
7893
1062
4891
6479
6164
1517
6402
8685
865
8883
3560
6507
2303
945
2357
2961
9910
7009
6114
1678
3107
3197
5257
7999
9756
4102
6241
2876
3844
6679
8637
375
1316
7271
123
2565
6218
8396
2040
3804
5284
991
590
6838
8521
6953
1980
6211
2884
8254
5253
8245
1615
3460
7898
2669
7944
1470
1947
9162
5149
1378
5963
5692
9723
5776
5124
8492
8898
3868
7413
3297
6760
6584
6566
3196
8206
1287
8218
1152
8963
8432
8357
9253
6491
9403
6149
7242
3451
3200
6646
5078
4554
5159
8340
5464
5371
6747
3721
1058
2090
2684
4674
3092
4747
6277
9637
8550
3060
1780
4608
3754
6141
9312
7894
2839
3962
9992
5117
5298
5066
2543
2843
1807
4051
8706
8413
4312
848
5316
3412
7685
4137
6873
5650
7975
2774
3622
8210
2937
794
3285
3843
6893
3502
4472
5494
1825
3544
1961
1524
1236
9513
553
9503
92
5297
5328
3436
3801
9280
2261
8585
392
1371
9671
1295
2909
584
7744
3458
7933
2104
654
6441
5575
8852
2497
4923
7412
7355
9807
2569
2124
4106
6620
5549
6261
2182
6412
6728
6397
4669
1
8288
4883
8174
9978
1898
4800
3908
9378
9367
361
5018
1793
2539
4284
9595
2507
3737
2652
9459
4951
9087
6742
6045
8242
3492
1881
7653
7034
7847
8438
7304
9150
8250
8773
6209
3063
5080
9431
7773
319
4647
808
1486
4786
1094
8792
9146
7238
3267
3901
2823
7279
3291
2699
2537
1385
6421
8339
1195
885
8825
736
8634
5767
3410
9188
6252
6585
9997
6810
8418
478
4394
2800
4082
2956
9226
2985
2156
3616
2616
8182
9621
4033
2991
2380
9975
7379
7766
3004
4827
3457
6922
2708
9094
8098
2709
1912
2492
8618
3959
436
6911
3582
5792
7195
1405
4820
2919
1087
715
9453
8122
5344
6226
7314
2691
1901
8241
145
3859
2188
9811
7965
6078
4588
9022
8333
4428
3610
1352
9371
4339
7746
3362
4814
1480
44
7768
6067
8814
4359
714
5204
4559
9984
6301
3338
7410
1956
7441
6120
560
7667
7308
4251
4781
4528
5782
2471
7013
564
7775
9090
1827
7954
5363
1905
7096
1215
6520
4419
9733
8647
9532
2317
2987
9604
2894
8390
7899
1444
7408
5756
457
5102
815
6866
7930
9699
5061
7666
6720
8719
6070
5290
3943
8246
6464
4406
764
2577
8816
2778
1106
7254
5069
2151
9137
4078
2277
518
5050
2934
386
8068
6877
8039
9245
5422
602
5249
5351
7444
4442
301
3609
5107
889
9693
592
7931
269
7545
7650
4173
5130
1661
7855
9483
7077
8315
2983
5856
5334
9355
8361
9067
5434
4701
4770
9618
9688
6805
7030
3987
7818
4639
569
2340
1694
6530
8843
9041
4679
2088
2484
2990
8230
4541
9854
2451
4142
3930
1632
6485
6853
8751
3158
632
6035
3606
3834
281
1571
1452
3083
2462
5161
4795
5172
3120
5544
4890
5023
6183
6645
5738
9966
1108
5935
5264
7998
3228
6153
7497
1927
8207
3539
5638
581
8407
9475
6349
2342
508
9551
4473
897
9045
4383
8053
1751
6576
2631
6097
4136
3341
8557
6171
3344
8871
2921
1879
8200
9342
7424
1779
5543
5119
3692
7199
9875
3574
9383
3818
2414
2898
9788
7923
5243
992
4168
8075
4414
1958
2892
7240
5808
6001
9128
2272
8475
8114
9452
2546
666
5405
8782
9560
904
7306
351
1582
1478
9264
6865
7222
6388
1018
8094
1668
9216
7098
8931
5287
120
5786
1487
1621
2623
7546
2263
6732
6325
1831
3454
5082
1349
4091
707
6962
5028
2712
5908
4606
520
9726
3263
2397
4856
5285
3831
3499
5229
1602
5245
4085
4031
5088
5939
6503
3041
5851
2538
4011
8779
1700
7791
4573
7629
1066
6668
9299
1326
4645
6849
2267
9441
3857
3921
2170
8846
6814
8271
6812
2622
9407
3846
4835
1922
5820
881
8290
4445
810
9177
4066
7821
416
3967
6558
5185
5379
8726
9803
3072
8256
6374
9366
5694
8300
4079
2925
5597
365
7544
1373
4830
2308
3863
4092
95
9364
2106
2642
2810
6765
9971
1498
6443
7619
7824
805
8907
6992
5702
5170
2281
6937
7097
3184
2980
9225
7961
1336
403
5230
3159
227
1852
1293
8287
5614
3408
1212
2693
7437
9731
7951
5251
3020
3361
7221
1220
8654
5709
460
5395
806
7644
3367
4025
5341
7808
4238
7709
5718
6669
8978
2731
535
442
3810
6004
8840
6104
5226
4411
1942
1514
6989
4029
5807
7867
7779
5455
7784
9468
2740
8056
2877
3518
667
6063
7131
4296
6043
9450
9423
8383
9701
9252
7953
6139
3688
8159
988
3366
3848
7740
5182
8802
3257
8389
3142
5839
2598
4976
4775
7283
6431
4362
1313
7312
4003
2399
5866
5831
5210
9764
9357
5370
7750
4089
2821
5992
3305
2162
929
5384
288
3925
5985
6394
7707
1275
7121
9777
5727
9062
879
813
8367
1093
3062
557
3317
4934
9734
1570
1769
8716
6132
6156
2916
4484
1216
8649
817
8678
4897
5099
8977
934
5221
9518
6685
5260
4333
1681
9143
2417
4325
7297
4213
1403
3002
6811
7730
7714
5062
2225
9158
9648
7220
1395
4158
1439
7063
8166
8861
1715
8766
5993
2692
4828
3537
9167
1923
4772
831
1742
3462
3701
3637
1049
4540
5477
1609
8813
2593
8177
5560
2483
3747
2301
266
6525
7982
5126
821
9977
2116
3896
3931
7200
8690
9236
4550
9869
4040
5165
1631
6980
7337
4114
3644
324
4922
6037
8640
6274
2142
1140
1168
5536
2489
7520
9717
609
5811
984
768
2096
7959
1822
5940
1333
7422
1860
9444
4577
2969
8227
4823
3275
8257
87
1695
6817
5146
8138
4193
8021
7630
7566
894
3705
1516
2478
1135
6818
2812
422
3009
888
9813
6896
6475
2148
7935
5002
2426
2377
3301
9479
8409
978
9883
6709
8624
5095
7777
8589
702
4045
9047
5445
2236
7527
1620
226
9272
3427
6119
2349
4141
9941
942
2564
4115
6133
8450
4605
6471
3067
4195
1932
819
522
3382
6629
2686
7654
4703
8937
3420
8615
287
2249
8954
47
3751
6607
8657
6269
6644
8126
1420
7091
4495
4027
5516
9305
9072
4722
8262
3411
481
7326
2660
1000
3578
4514
3697
7561
7108
659
2804
7191
6014
3244
5586
7661
5693
8838
9398
8659
6395
79
2363
8768
9104
6462
5022
3258
2061
1763
59
112
8017
4665
7587
3321
8199
9816
2721
2526
3941
6123
5721
3298
8362
6601
2551
1354
8736
4557
6091
8027
600
9317
6942
4368
3374
1407
601
7258
68
9841
283
4531
9625
4914
4270
1092
7227
2881
6603
6242
3241
2567
6178
8028
4121
9486
1010
1397
1802
5537
8945
7536
4632
5956
8967
9283
3039
2328
2802
2872
7827
6198
8863
9843
2423
4036
8697
1682
9457
4297
8722
8906
660
8587
7979
1819
648
2060
8577
2922
6329
3313
8774
6806
6587
604
1022
3276
8212
8830
3820
9103
188
5719
4352
1886
3354
2114
7588
1494
6214
985
4622
96
2559
7225
5461
1738
6334
570
9702
1670
2167
8960
9897
8596
3711
5309
5263
307
5324
7754
1421
8244
2029
1510
9140
255
4222
4280
4385
4083
1264
7207
369
580
3700
4468
360
3703
3418
8602
1743
6433
7937
1635
3634
7956
2376
7913
6921
4979
9680
8005
2928
4212
9761
7936
7020
6300
2738
4539
5885
5413
6496
6650
5620
7184
494
3100
26
7614
9023
9666
1142
4390
2218
4824
1256
7274
8515
8553
8481
7427
4995
2409
5947
7939
7434
3617
6118
9061
7637
1981
9694
6562
2424
1465
5703
3104
7593
8928
7277
5609
7351
4469
9220
6842
4968
7262
2870
8154
4949
1871
2052
8209
4700
4944
8368
1934
300
3519
5026
9888
8561
8148
4402
5730
9894
6489
6996
5902
5553
260
6667
3239
5164
4832
5144
370
9872
6109
6656
1796
7152
273
3918
3401
3435
9174
7799
469
9502
259
5680
3944
4526
8646
7473
7884
1202
3148
1935
8103
3421
4801
9743
5523
1753
7299
8791
254
8586
6179
1818
9338
8565
3528
6800
9571
9903
8735
1091
3773
2524
1761
1550
2365
8554
3013
5550
5921
2665
1424
302
6546
151
3781
6634
5258
4412
8872
8284
8772
7028
9301
3553
5593
2025
8684
3195
1044
3030
6714
7044
7796
3679
4546
5959
8603
3572
4097
1254
2940
8160
7769
9746
1181
6432
4258
8885
7078
5222
4581
7804
3212
5918
9597
7882
5813
3274
4991
3551
8405
7810
9372
7360
1783
4138
2084
2757
3097
1893
9196
2545
39
726
2067
6542
7457
8957
4757
9173
8183
3590
9432
8876
2924
8201
1117
4174
2655
1329
3170
86
4223
6870
769
8313
4848
4735
3101
7861
8465
5278
8656
2485
7336
1297
3762
23
8020
6419
7776
3797
2473
6379
3327
6993
4742
2187
2844
5788
6372
825
833
4228
6909
3473
3912
8110
5034
1319
656
1237
7704
4966
420
8046
8170
8398
9857
3917
9332
2847
2918
9901
66
4260
4864
9784
1759
6090
1171
6405
1952
6131
6875
9420
2676
7141
2648
3169
4643
9874
4052
9270
5787
8806
2714
6038
4211
3798
7070
3858
8139
5867
9616
2644
7997
2043
4482
6362
4544
1357
3514
236
2391
8721
9289
3971
953
6196
1954
1197
8995
8145
3222
143
4928
737
8349
1862
9636
8803
4543
203
3272
5750
1600
717
9195
916
2150
7164
7993
961
3016
7213
1936
6745
9396
6506
4277
4462
3964
6028
640
3963
1178
6240
5382
1686
4088
5641
8753
4317
2454
1656
5481
8720
9035
8761
4689
7987
8057
65
3268
8541
3304
7617
9753
5056
8019
7000
4425
7656
3260
4233
8375
8343
6223
9040
4698
2004
8167
2842
6332
1123
7915
4802
9820
7669
7715
1100
6961
483
2506
2938
2769
8632
5775
1052
5429
294
9154
5345
6495
7504
4480
1928
5070
8434
8038
3882
5320
4503
7516
2763
1833
7448
3822
3845
9985
7079
8555
8642
3760
1955
6941
2562
5483
6642
9439
5706
7180
8506
4128
8923
3550
1710
6135
8436
7333
779
3807
8437
800
6933
8484
214
1127
6863
3655
8537
7908
7652
9235
5238
3709
336
1848
4655
9074
3311
6033
6829
6239
9983
5601
4593
6733
5994
8686
5592
2161
2458
1706
5279
2490
6917
6780
7663
3768
3054
3632
8805
2018
6510
9024
2549
2293
8119
4415
4707
7708
7064
1583
8601
5890
8195
7862
2591
7323
6772
7041
3785
3837
1772
5437
5845
8141
9526
5967
3520
7811
3432
241
7156
8213
7702
4058
7278
1426
128
5289
6776
6899
2752
7530
5915
1155
7367
419
9591
1056
9628
1612
740
8133
1757
429
9266
2020
9073
210
9926
7854
8926
4762
6963
7503
2500
2217
131
4132
2146
3470
2410
4069
2276
9321
7592
6084
6874
1652
3377
5174
5209
9948
9202
1384
6054
5538
9908
893
4455
709
3936
1894
4026
551
2589
4313
1877
1231
470
8431
746
9034
1273
1245
9536
3424
2077
9603
8715
5265
4204
5365
2964
7494
4244
1376
1170
6628
6612
4642
1513
7540
4649
9387
5981
6950
8243
8222
7968
1338
1266
9259
9291
479
8219
7528
1362
4940
7573
3613
8997
6707
70
4133
4886
8430
1722
7591
7327
1592
3742
6684
4671
8489
9944
8985
1138
268
5407
9570
6948
2435
2867
116
9713
4242
4920
3563
9773
6062
3154
8382
5627
2110
3946
5049
4039
4874
4166
5619
4690
633
4592
7837
4382
7135
9658
2449
9853
8502
6246
3090
9641
290
5201
2408
9306
1324
2108
2574
8664
4523
7624
7174
5489
3903
2558
8989
7069
126
3188
1561
8944
860
3708
8303
5827
4936
427
6934
9931
9586
3234
1548
4197
9676
9592
9352
5330
6790
6931
7468
1026
1870
1279
2602
1341
3510
3648
9838
8078
4744
8422
3266
3559
314
3223
8032
1449
6259
9084
6176
88
2734
3150
1238
6200
1402
2609
1601
5475
6796
2370
1321
3086
6305
9754
5566
8827
5826
9426
6147
7539
6973
9369
3805
6894
8125
1274
4615
9496
267
8533
354
989
9467
103
7560
179
3356
5223
7481
1535
9494
3664
1856
9138
3110
6461
8414
835
5545
6832
9514
7612
2725
7281
2908
8460
4431
8204
4916
4420
1733
8399
7235
3089
6718
6539
2931
949
4234
9909
484
5086
9217
998
3724
1294
7014
1282
1186
4822
5452
3623
7130
3438
5797
8069
9667
571
8696
6023
8341
1714
2012
710
2292
3743
931
8426
3358
3591
8211
114
3628
5350
5595
807
5646
3774
8086
3993
9855
2395
6864
8505
9124
4753
2510
6672
3819
8100
8395
9001
5237
4209
6265
3079
7857
468
3247
9308
4673
6392
1580
5987
6786
7017
9419
7474
1593
9105
7929
5686
7873
6458
3955
7514
755
3021
7875
3575
712
2211
5629
1322
3203
4870
5010
4760
773
9126
9817
9290
9982
5789
9662
3707
7839
8153
6713
9650
5660
3769
8800
3728
4964
7564
169
3729
2045
1463
2216
6891
1641
838
8444
3192
3476
910
9318
3127
5469
5971
9821
9959
8528
3140
7941
6795
4513
6290
7488
5978
7594
2125
6
5417
2288
8063
5835
7823
1504
7179
3629
9229
834
631
1897
9184
6700
6042
2269
6831
8955
2393
3764
177
7764
8759
6359
3490
2779
1046
4101
6413
3219
9600
3661
384
7782
5762
1579
8150
8485
4994
9286
5681
5877
6771
7343
8258
4176
4363
7950
7971
9036
1744
6676
31
975
4470
2326
7814
2697
4784
1184
2552
6568
3600
9766
5795
6364
2973
8771
8599
3059
3898
7699
1872
6396
8819
9075
7270
6552
8518
2863
4965
292
7264
3422
6030
1227
6535
2657
3423
4957
882
1505
1541
8682
4970
3347
391
4370
1953
4075
7866
9025
2200
9696
8619
8255
5509
3416
5053
5739
9091
261
6635
7692
6699
9163
2944
837
7132
4839
6314
7005
5232
5205
6636
781
1562
9837
4908
7353
1335
8224
6228
892
7166
857
868
7100
6350
1957
7260
9402
3226
183
5704
9193
724
2857
421
9339
3381
9829
4629
3749
2785
4682
6238
6547
9762
3992
4612
6528
8306
3209
110
9919
3383
6930
2798
2455
8665
9833
2421
132
3237
4291
871
9624
3450
9852
4929
4879
3109
9557
4384
6690
8683
7679
3517
8672
5804
1239
7537
459
4646
9315
3811
3324
9858
1356
2229
36
2259
9749
2194
4309
7532
4599
8127
8849
2896
2711
8
8935
9115
1139
591
8595
3650
790
1172
4507
1125
7805
7204
4594
8785
6005
9579
9605
2138
3566
325
7175
7120
9798
7538
3969
4300
6925
6204
7290
6319
6272
5488
6581
8648
544
5834
2893
517
7622
1994
7877
5882
7870
8891
8600
2372
9056
6575
8415
1048
4980
845
5667
6791
5897
1888
7721
6824
428
965
9607
6623
5152
9711
4459
337
8809
670
6438
2171
6250
688
4314
8831
295
3786
6910
7671
6556
1057
6920
2144
4404
7447
8919
1902
6486
9336
8552
286
9525
7891
8966
3922
7486
8151
2028
2233
6837
1450
4598
9164
1427
4248
5337
3620
1569
6662
9961
6560
9425
4750
8538
3733
2145
5200
4247
4937
8319
5617
9436
3795
2955
7605
605
643
5937
3183
117
2594
6092
2338
8946
1271
2079
4878
5749
4769
5154
7615
209
1984
7465
6117
5569
1177
7572
2687
4798
4305
4217
4073
698
1013
6621
5441
4907
6040
2126
111
9879
7665
3870
8835
7247
1121
9133
4694
7429
4819
8463
741
9593
3935
2512
4151
7597
9018
5651
1653
1193
8479
5504
2330
8591
5642
4267
8692
433
5729
1472
9463
9360
3191
8002
1269
4005
2978
101
5312
587
3702
9172
1904
1122
6770
4708
4438
4697
2467
8702
4170
1102
5327
4015
9108
9307
1196
1845
1290
9772
9703
8932
2816
2720
6704
638
2181
5805
8620
6036
3621
8064
7389
8278
7985
7990
4327
2184
1734
73
1809
4963
9735
5199
5348
4568
8269
4678
4196
3626
1222
6393
7124
9819
4921
3567
4123
2592
1522
2175
2677
8604
1115
2923
4616
9147
6609
840
5432
3071
4791
9113
4684
9448
3825
3734
5888
2058
1690
9993
6336
5924
3953
8858
5415
3273
1618
4982
5105
3673
3714
4840
3873
9979
4780
2021
7963
448
7133
5850
2649
312
8291
7460
952
9787
3149
5214
8807
9534
1968
7778
9480
2587
3316
1887
3556
2034
6648
7065
8171
2586
6807
306
1749
630
7581
3330
3225
4872
8295
7598
2356
1673
534
3542
9649
4837
6160
6354
6304
1533
8864
2240
6263
9792
2902
9528
1086
6649
704
5942
2134
5996
5818
7501
8728
5588
7145
6689
6260
2853
6003
6593
7119
3652
5673
1149
4931
9026
8794
7462
7693
2413
2553
4520
3034
4035
4477
8276
3284
6138
9462
7294
5156
235
4240
9405
3459
1868
6721
3631
5267
3498
1496
1417
2949
2063
7142
5979
1512
8745
2724
8117
7574
456
274
7137
5081
2813
816
8363
8157
2405
9988
180
6716
5962
6051
9046
6889
8225
6371
4286
3045
970
7089
8799
6990
6013
6639
792
3278
2115
2341
1232
5772
6229
3980
8633
5292
8324
3854
2091
2010
6416
262
3261
997
6828
2119
9583
9598
1525
5899
8416
8509
2433
9683
7043
4232
9573
1768
7722
6881
3027
52
5747
1967
5388
4375
3643
1790
253
9012
7053
3123
1162
824
1874
967
530
2550
2880
8737
9491
502
873
4022
6146
6188
4408
4201
3982
7633
202
5166
9152
4730
4776
8780
3573
7386
4457
9705
10
5428
4924
4179
695
6256
6467
2381
9030
359
9695
2683
7390
1284
3715
5493
658
577
4236
4019
4601
4250
2777
599
134
7201
8867
264
7421
9619
6398
3792
3256
5655
5453
9101
1194
8824
903
9716
5659
2479
5618
8713
9385
2316
3657
2364
9609
8236
562
832
1795
3369
8949
8471
8707
4065
7511
7760
3508
561
1063
7406
5058
5879
8055
2514
6089
1853
2325
6916
8121
334
6914
9329
3172
8787
8164
2452
9956
8532
2992
9166
8740
8786
4044
519
3770
3593
957
1657
8893
1521
4958
1992
2419
1552
3026
5451
6287
2266
9584
6424
7187
4323
9346
5886
293
4547
1432
3481
8102
2704
4220
9739
8580
6483
4203
6460
3505
9384
6159
4172
4392
8679
9896
3250
612
9533
6759
225
5085
526
3315
9079
6596
1114
8725
4446
9433
1837
5894
2901
9424
7880
4610
7439
9302
3138
6752
2855
1423
6154
4478
8179
5193
566
5713
8054
2532
7711
6571
866
5362
5961
4509
6904
2989
4034
8558
5283
8705
5773
2165
7163
5029
4441
3706
6358
6683
3161
2932
9275
6809
6407
2239
6008
5198
5605
8668
6310
3723
8744
4299
8015
6661
9237
9590
7635
7977
2362
2612
8970
2795
2995
7829
7370
9476
8795
4342
1060
4298
1639
7397
6417
8699
7675
6746
7140
6955
129
5602
7905
1061
1413
2710
6625
6705
925
9868
4423
9771
2997
4668
6064
1551
1662
9470
9572
8747
8001
8900
5043
5118
9391
3359
5052
6549
6311
2112
190
1304
3339
3659
3425
6227
1900
9862
5745
9698
9882
5664
6758
9142
7912
8639
1141
661
3414
1776
8394
9508
9020
6802
6517
9957
4347
5923
1707
3216
1591
2123
8973
3461
8822
7321
3829
4950
437
5517
2457
1296
5247
5478
555
8003
8280
5158
5717
1021
4155
5313
3193
9437
5005
1587
9864
2477
9647
1488
1050
7455
6777
6751
2440
8536
3352
9347
6723
5300
2186
3487
6292
5919
8704
2129
7852
4729
1781
9368
3929
8009
6381
6434
5322
5765
6278
8358
8446
5901
9827
6856
9970
8850
9675
9351
855
8249
8365
7236
1042
5038
1974
9674
9547
4125
4562
8837
937
1431
1847
6616
7382
5087
5880
122
8142
7475
8512
2619
4692
3725
3815
5072
8651
3007
5815
827
3788
7995
7686
6428
1910
9664
6686
6086
184
5760
407
3336
2221
1332
4439
4825
2118
6578
5716
5665
1869
701
5215
7932
338
1095
1542
2873
734
5194
4099
2248
3337
920
7726
5889
6543
3726
9274
4580
716
2258
358
4020
3282
9314
8470
2000
6233
373
5006
1560
9284
512
1737
6514
5244
7347
215
644
5125
4727
8514
2278
9458
8752
8829
6333
458
3202
3651
7334
1187
9083
309
2741
3687
639
5001
5701
8625
7357
6673
4589
8298
8364
6647
8661
634
1773
6801
2529
5036
1786
3388
141
7147
7004
7405
4171
4345
8612
3886
664
6830
9399
4997
676
5844
8660
1241
4882
5008
8272
3319
924
4440
5294
3371
5228
4500
2826
9672
5662
878
4859
6798
1712
7339
2650
7002
8311
9019
7500
692
7252
859
230
4941
6335
4845
1243
5252
2597
9623
4532
9989
2400
4733
3143
4399
2465
1191
6665
4705
3808
2428
4273
7577
5406
7830
4506
6125
9417
891
5269
7215
3579
2064
6945
6096
9194
7657
4613
2215
144
7724
4960
6436
791
7548
6041
5604
6445
5590
5572
9492
7900
1607
3523
8435
3259
7375
6213
8192
5250
4710
91
778
8085
1307
1647
7123
242
5480
4975
8758
4996
1929
8406
799
722
679
6583
1650
3201
3058
5169
6494
7676
161
7116
5498
7224
2472
2509
4432
5864
8376
6451
5577
3087
8096
8140
4405
4487
7794
3753
6490
3019
1085
8044
7758
8350
2343
4087
8387
1606
5497
7761
9120
8188
5518
2528
9322
3073
7275
4796
2486
9845
7697
2588
372
5106
2856
7549
5014
5793
4081
1474
170
4901
1288
139
7112
578
3614
8099
7404
3727
7471
5280
9285
4512
3504
1079
7765
8741
2180
8061
7383
9359
3032
11
7435
9415
1008
6696
8089
5684
2547
5468
5567
5438
7949
7049
8501
2311
9059
7480
7342
8296
2801
4725
3156
7842
2076
3061
8739
1053
2903
1683
9060
7925
9109
3889
829
7373
3135
3218
74
9435
6344
353
7287
7695
413
5424
1116
240
3279
1797
9729
7428
3243
7571
3289
2306
5234
1962
2625
8377
6048
8544
9774
2388
5912
7165
7677
119
3676
278
1188
4131
9086
9714
1309
3113
1023
8865
4447
8969
7203
6633
9031
9692
597
9380
9294
7157
3883
2580
9421
5435
5644
4948
1597
6466
6750
5153
7896
8910
2833
8455
7177
2883
4989
3595
6972
3776
7706
761
7844
828
8146
9111
6145
8609
2998
4621
1160
8185
3875
947
7273
8373
9057
3335
9495
6847
7869
46
5355
5426
4497
9617
6331
9361
5654
5695
7018
2307
3994
1998
7655
248
7366
4254
8093
4899
1511
1074
4186
6855
62
6074
3656
5020
8576
6985
217
2536
5522
5728
8886
136
5557
8670
7396
8305
2318
394
2864
8941
8299
6872
5133
9914
9069
5873
8329
8687
4925
6908
5430
8755
503
2111
2287
6463
4164
3326
5799
2470
7478
2160
6724
3108
3897
3630
2445
4855
6192
7797
7836
6722
9958
7036
8621
8402
5216
397
1883
201
7918
7672
4435
9176
1482
3758
3146
8964
6710
5970
2503
5764
6442
5097
2504
9685
2717
1903
3689
4767
32
537
5259
7751
5683
3852
1979
5926
1735
3558
1411
3210
4334
9244
9129
4892
3036
6163
4522
8289
4508
5442
78
7863
1654
6306
1638
304
1067
8947
2223
4387
1970
5753
2858
9952
5392
4145
6111
8326
1154
6165
545
1586
4808
2834
8184
1344
7021
2204
3463
7803
9255
7202
6470
8322
9037
4650
1080
3227
5326
8493
7703
445
4537
4100
3190
9885
6027
167
5710
6615
6237
7371
399
5514
7555
2643
7346
6618
9804
9076
6768
4724
7350
8176
220
1306
7113
5852
7620
6994
9659
9200
4811
8611
5519
1739
8797
8764
1111
7785
6912
8746
57
3445
5914
7293
8105
5752
1355
3286
3137
5943
2127
3080
4351
2620
2900
9186
4311
2425
5900
8691
960
3928
4055
5231
8308
1151
3948
4838
4341
9925
411
9951
3400
9478
1556
6342
823
9430
4152
7793
5658
6016
5666
6222
152
6553
3545
2913
719
8037
4631
2914
53
1401
2786
2302
8733
289
6852
4050
7919
100
5112
6435
5299
1479
1588
1221
5150
615
1565
2210
5196
7835
5398
5863
4884
77
1943
5798
9535
8547
8109
9697
6106
3251
5274
8626
5155
9490
7411
2074
4038
3277
5707
7381
6418
7920
4973
1933
9438
5828
2789
814
4140
3323
2515
619
2130
1732
1605
5181
4466
4571
5003
2808
9429
3430
1310
5777
9106
121
2157
5510
6851
4863
4866
5354
613
6373
4098
2976
5916
9132
2133
2036
2713
2846
8712
1281
1381
6011
2093
4704
7757
3860
3532
9345
4926
7154
2544
7464
1675
1971
9994
9203
3065
4917
2953
7143
7798
4074
4790
782
6693
6529
8352
5131
6409
1866
8347
9548
8975
1343
2334
4322
9481
9219
589
681
2732
9077
9151
8878
2080
2095
6717
2199
2764
4475
4224
1217
890
9587
9273
390
7051
340
3667
1884
5262
6774
528
7068
6076
5530
8022
4259
1016
1280
4688
213
8156
7825
5723
7445
2224
2401
3881
9413
3534
6262
3669
3378
3448
2702
6766
8983
8429
9576
72
7876
5368
3395
8498
4071
1473
8420
2557
291
8594
404
7786
9684
8531
1083
2917
3564
5561
7173
7151
2868
3730
6245
9620
5160
693
6010
8675
1941
6781
4881
2230
6275
1126
3328
380
1916
987
4860
191
8808
9028
4955
9523
9554
7035
7865
8974
8757
1234
8834
7479
9581
8517
9639
3390
6492
8671
9972
3206
1109
1889
8940
5296
4904
296
8936
4316
5600
2889
3057
9080
8862
5636
7604
8425
7907
1438
1775
5524
8844
4350
3674
7378
4748
8091
6049
1566
5780
531
1416
3238
3671
2136
1461
1614
3856
4281
16
3531
9326
4836
5809
7901
1419
6580
6555
689
3568
5594
8033
1983
7696
8662
3417
9375
8279
5335
6794
486
4510
6702
9860
8650
7280
6026
4685
2273
3288
2726
7298
7417
3076
9826
18
9501
8845
8959
6951
7218
4437
3037
7547
3552
9098
2321
4525
872
1507
1387
9171
2197
3713
8574
2561
8990
3611
1539
5035
5526
2859
6577
9893
4208
9986
487
5849
2772
4400
6353
5449
5054
9153
2252
5697
1037
5647
298
1740
6251
4361
3763
3984
356
5542
7093
1089
3718
185
9801
8781
627
4271
8369
5778
8873
8510
7749
5307
9507
7011
6099
8841
8853
6190
2860
6735
3913
9785
1253
8268
5508
8607
6976
9013
9737
5966
8106
1224
1481
2389
8107
8344
7349
6187
2253
552
7442
1826
5920
5004
2505
4844
3699
3213
524
5998
5913
6383
9382
2390
3546
4241
9190
9748
5219
1547
7890
8546
4900
9610
8342
948
9802
5123
7801
3803
756
1107
9159
5167
2260
9316
8043
9049
7559
1628
4366
2739
6380
4243
8024
9968
4893
6511
7228
6345
9042
6203
9445
6597
4489
8359
104
4658
2285
7917
1350
3300
1351
2290
6055
1064
4461
6414
491
2766
9559
2073
5596
4849
2727
9932
3022
7090
7019
3178
7037
7895
6185
40
5343
3865
2227
4321
2784
7325
5171
9863
2971
8123
7402
7042
9327
1977
7101
7928
2799
1226
4021
7770
5466
2977
1985
5876
3540
9088
7812
9663
6267
9210
611
7265
4898
6195
4633
1059
3482
4553
8570
1832
6715
7261
7646
8355
996
5135
6971
5558
7182
3782
4104
2420
7820
1572
1315
1792
8986
2906
449
2852
1849
2929
3543
7682
9125
7223
7181
5589
3778
6115
983
6143
8913
839
4231
9469
3926
5862
6270
8965
2139
25
5385
745
6447
8456
7525
7595
1716
5409
8458
3586
911
2051
3547
5733
4282
8709
7209
6181
9905
3042
4479
6778
3978
6083
6946
4460
7649
3833
6327
864
3645
1964
1038
575
6386
7887
743
3513
4290
3342
6835
6582
8047
9947
2885
6590
730
2243
323
8074
3147
5640
4659
6915
760
5997
8896
713
7354
8000
5770
7660
8927
2599
5103
574
4718
6836
8147
5801
6018
504
5757
2202
3584
7286
6271
3612
7233
9770
7136
5295
9096
7745
3999
8304
7196
1392
672
3569
9212
8598
8984
7752
9895
4737
3638
6210
9078
2358
1821
5027
3557
6970
4409
2430
8817
4444
1752
9967
7309
9527
9529
3741
5007
8264
7495
3475
490
8839
1068
5540
4127
3710
9924
4794
3477
130
771
5401
9404
6302
2222
6956
9358
3397
9192
8788
2851
3096
5364
3668
1509
7022
6850
2205
7973
6964
3010
1030
3391
913
5410
6446
2629
9937
4476
3500
1242
9828
5139
5136
5925
1896
5420
3064
742
9585
5685
4911
7291
4853
7269
4245
4564
1446
979
5254
8281
7816
7026
5623
9267
1799
4625
9107
2185
8653
5000
5891
6385
6208
8583
4149
9965
5837
4265
5563
4809
1097
1451
4519
9991
5570
4180
2694
2065
547
2607
8908
4597
4555
8261
8265
4396
6987
3437
2350
657
232
5183
6326
3640
9010
4518
3343
4156
5624
7717
8111
133
9085
5305
7197
2926
3164
5585
7815
5635
9007
7268
9331
7910
2444
7232
1203
5433
1801
4202
1914
2824
320
9365
2022
6784
8889
576
7996
3766
5854
6981
2387
2333
4130
55
8472
4566
4386
284
9038
50
2177
8934
1627
2280
7981
233
7881
5127
8467
5802
4008
4634
3447
49
3533
9324
5868
1746
5986
1501
51
1959
9906
9923
955
9728
6840
1218
2809
7138
6215
6357
2641
6983
6019
4237
6000
6285
8348
1460
3841
71
3864
8327
8769
6657
6944
4139
7433
9446
8549
5157
4474
8447
9626
5427
914
9881
7356
8380
9708
7285
3647
7552
3077
2295
346
4545
8711
5446
6439
7074
2632
2613
6613
1938
1396
7938
7109
9381
7183
443
731
673
5336
896
8353
2332
6321
3399
4275
610
4693
1365
4041
6309
2972
9029
4279
7902
5613
2480
4945
1867
5440
3112
754
1545
6767
5675
4070
4530
256
1169
1025
1131
7792
1500
5938
2436
9356
6526
9136
2635
2742
705
8627
163
8031
686
4771
7689
7967
3014
8869
1574
5682
1033
3413
5012
1240
5622
1730
9892
8868
5822
3670
7607
951
4067
9687
2773
1143
6294
8912
4006
2279
7384
1972
5377
4262
5011
696
8417
9953
8384
108
541
5781
1724
9160
6339
9349
6820
4763
3290
9778
876
4660
9238
9117
6313
5565
9168
2996
3570
8370
9009
2081
5688
4677
4491
4144
3486
6124
3386
8433
9512
7106
6370
3233
511
221
4549
1157
5055
4932
2675
6827
3603
1676
4896
2152
482
3938
4393
6295
5096
9000
7128
847
7067
9416
3717
4182
5843
5404
7205
5571
7623
5527
6050
6965
8162
1951
3957
8763
2286
510
1031
8427
7237
5790
9394
5019
8567
8962
5948
8443
5932
3296
327
6225
2019
1305
8530
4807
6697
793
3548
7813
5332
9980
6833
8318
9612
8950
6999
6390
1317
3281
7958
472
6474
2169
641
4956
7871
1379
7879
1996
4346
6061
556
9207
5521
6619
6276
9466
7713
8563
1358
8631
7446
1136
8331
8403
8360
7032
150
9003
1036
8381
9627
7400
2098
7934
75
5108
9278
1519
164
9613
6469
4728
7122
1410
8610
9744
4782
8292
4799
8029
9089
1745
5217
166
2086
2324
1731
3775
5661
3691
4481
3025
5502
5887
7580
4143
1300
9831
211
142
1578
9390
9640
4779
2411
3294
5800
9552
1861
9519
8231
4736
4169
1490
8421
5268
6730
9282
3561
936
205
6297
7727
9969
4583
7510
3641
19
625
2271
7838
2070
4683
2383
3529
1024
8062
559
5927
2578
6783
9741
8593
4119
1917
9686
8708
9718
5076
4758
5630
7576
6502
5132
9601
8104
3580
8466
5291
8130
3565
3942
6749
4894
9251
7897
5803
379
798
1113
2830
2147
8490
762
2422
9224
8115
7909
861
313
5448
6550
5484
7292
5946
5663
747
2168
2166
5774
7420
56
1144
9823
4042
7210
1071
836
5579
5065
2653
3236
1041
8754
3262
7610
750
608
8613
2234
8205
1843
9281
5535
5091
6166
2957
2446
3924
9434
9752
1175
6680
9669
7127
8116
1767
5462
9002
1859
6860
2336
6404
646
2192
1167
617
4451
7641
2238
9204
2097
8169
995
4380
1610
6591
2735
5436
3299
7401
3677
7922
2120
5621
5906
1393
7320
7300
3642
7948
2960
6320
4320
7039
8588
7476
8277
7601
7010
9644
2501
8734
7153
9515
2011
3871
1950
2037
554
8667
5599
2017
3910
7737
3752
7311
2988
3069
9343
6006
626
8221
5378
7683
9510
3694
54
8980
246
9611
7521
1409
585
7763
6886
8335
1835
720
2132
1285
6834
1493
5929
9165
9656
867
2496
7168
6102
5930
3017
5162
2904
270
5009
763
8198
2041
846
9509
5520
5539
3847
4759
5796
3229
5761
5949
4219
9379
5476
3920
1506
1340
5114
678
2951
8888
7289
7081
58
6541
668
2965
8894
523
5175
2698
2282
2819
9473
6148
8617
7886
1103
4416
2634
3396
3998
6737
3646
4867
2581
9850
271
223
1337
6375
118
9131
3103
6731
9246
651
45
1644
6604
7531
4329
9516
2568
6207
789
4572
1805
9942
1499
3748
7085
7742
5742
5495
8084
1029
5391
4153
4841
2107
3608
6298
7012
6191
3126
7426
4304
7267
7276
8354
1077
4656
1250
3506
3658
6890
5403
2460
5397
3585
1699
780
685
3325
9715
3685
2792
4738
412
5691
6630
9691
5671
4150
2049
8820
3348
7943
5823
2583
616
3006
7315
1118
9740
1433
1698
3951
7817
8232
7395
4857
6142
2431
5555
2838
4992
5705
4225
7125
801
8982
6927
4624
5587
2035
1771
4574
9410
3793
9973
8748
341
2659
464
1007
3587
7332
4865
7310
6610
352
4047
438
7860
3878
9943
9562
5784
2865
7176
4895
2617
5499
6907
9707
6212
735
6079
7008
7436
5473
842
5189
6652
8880
7489
3380
5340
650
6986
2791
9484
2270
1674
7756
5190
8076
6410
5463
7418
2463
1546
7134
969
9763
5632
4283
6653
348
5041
1705
1940
9288
1930
3923
318
8582
3791
3465
7565
6408
5771
6455
4090
499
6454
4004
532
4009
1469
3322
222
9580
2054
9485
60
7432
1435
5725
5783
9393
6740
7506
4889
8081
9564
5331
4307
2775
8128
8378
6743
930
4454
155
9240
8158
703
9247
7579
3842
2247
3796
7850
1529
249
310
4680
2320
4084
5192
5177
3497
6130
8742
85
8571
1179
5173
2610
7529
5758
2241
2345
7193
9033
6867
9899
9940
7541
6340
7802
2434
7957
7058
4834
9233
5256
9998
7259
5528
9730
9987
5400
6377
9081
4337
1353
3442
3562
9678
7115
1369
1229
2071
5576
8301
8113
2013
2283
9097
1851
582
3939
6493
8462
5816
5270
7076
7487
5212
140
1645
9362
9747
2888
5104
5616
7739
7211
7543
8590
2831
9234
5067
6608
3162
1965
3242
9722
8030
4534
6057
8088
1208
9866
9646
826
8500
5957
5037
7250
2705
7719
9900
6512
4154
7111
6858
3046
8859
9149
8253
9990
7864
8059
4575
2264
97
7052
699
6741
9461
3093
3433
4018
5819
8730
4919
6923
8925
5138
4652
4636
2606
7450
7023
5349
4877
4096
2394
4913
6660
6988
5951
364
7241
7819
5202
9039
5389
1575
4000
3877
6126
2101
820
5633
4653
5674
4053
6991
6368
4746
8190
105
7329
1099
7507
3114
8172
5794
4464
8918
7380
2571
5836
2886
1836
3605
7989
3602
8097
9472
6427
9870
8397
5821
6932
8542
5858
5016
6531
3180
7061
8309
5094
2374
5533
9051
7517
9488
6032
5235
5376
409
4388
1124
1425
8124
9834
2899
9780
2603
9830
5656
1755
1976
3799
7562
5960
2427
5893
1003
7807
8548
759
7960
4252
1637
8933
647
4930
9110
3095
7302
7986
572
3738
3318
3973
378
7498
1685
3576
9418
3187
1633
5950
3033
7569
7348
6081
4391
194
3440
9632
7570
3018
7524
2672
1348
8423
4336
2219
5137
6031
7731
3349
38
3314
774
5443
5824
228
6236
3712
4538
1101
5631
5785
5933
2946
2046
4246
30
9963
1890
5652
6105
8952
7806
423
2760
6666
6266
6423
5180
6224
6712
5896
7856
862
9550
5687
6472
1982
2967
1623
2621
2137
3979
4548
1278
1248
8007
2519
1750
3835
5847
6592
2745
5532
6671
7324
2299
1252
2429
5905
3869
8482
1076
4953
7492
3182
6430
2305
3141
7550
9292
282
9493
918
476
1368
5554
9917
6924
1173
8488
252
7391
9006
3722
1880
2890
565
5030
2371
6754
3535
8911
198
8087
6098
6268
6426
4909
3757
9574
9271
2647
9223
4910
5275
331
5648
1718
2406
9119
3303
181
7638
691
3235
275
406
2100
7613
7160
3866
753
2231
7359
1156
3933
9653
4720
1671
8163
9422
3571
3958
189
5302
5711
8743
944
8689
3720
6654
9790
8569
4663
3597
5611
3639
5338
3736
2556
7940
3179
506
8568
8616
2638
4600
5607
1247
3405
2756
7470
4918
7691
1629
1774
8181
4263
2746
4194
4990
1211
8018
401
1596
4030
5531
3654
9589
1380
9690
5755
3310
7946
3949
7840
1701
5965
8790
3849
8237
7440
2783
6369
1382
5546
7970
3145
3755
276
3588
8238
3363
1394
6868
7755
3827
4268
3215
1189
568
8051
7189
5077
3884
9239
9797
1687
2963
9497
877
3892
6406
6779
1536
8694
6264
7368
245
9206
8915
9539
3607
3214
7639
5084
8233
2121
186
5418
4635
8240
8092
4565
7208
7596
8812
3932
2319
1180
498
1820
4740
3619
4191
9116
450
1643
2744
804
7892
1339
2456
5506
2474
441
7087
1840
1630
7647
4670
2518
3716
3485
4971
3152
8023
2131
954
9887
400
2962
2729
3074
4529
6711
5874
1455
1205
4288
6729
2154
2681
9065
6403
1389
783
1842
3392
7849
3983
218
7272
7284
8605
3023
9859
63
1258
980
7729
1185
4672
8314
9214
9232
869
5548
76
7774
7363
4124
8701
7416
9092
2083
655
7255
2794
5743
2685
6663
2535
6638
6793
12
3220
1756
721
7551
6303
1784
1689
2941
7684
8902
4107
4579
4190
2153
3320
6631
6703
9008
83
5573
2196
9832
4326
8828
9011
43
4793
1747
1844
5143
9567
7226
2337
4012
684
1502
6954
1530
3900
1813
4587
8826
7214
3351
1436
1794
3398
9976
2680
5075
8832
8476
6072
3945
1946
343
455
8374
2254
4657
8392
4235
8508
2947
5953
6288
2939
907
89
6175
943
1791
8804
4876
3186
8543
4367
2209
1112
3493
2327
3838
6871
1495
4972
6762
8424
7678
4667
1434
4851
5203
2232
7449
7723
8013
1664
3680
7585
5110
6522
1302
1987
1939
4134
2530
3302
2031
1065
2351
2640
1829
5689
3905
3255
8134
9449
8386
7947
377
7234
1854
5092
492
1693
7962
5079
621
8197
5883
6158
474
8478
9842
4604
5017
7789
922
1966
981
4943
4711
7249
618
3525
6755
7788
7033
9824
9815
3175
1949
6220
64
7725
94
6450
1445
4829
4094
2912
2866
5460
7916
3911
5612
7322
4418
159
9794
1667
8606
8815
1346
1130
8623
1457
7092
2542
6719
1375
2105
5042
5191
347
3287
3960
9544
3665
4585
6885
3230
6498
6180
357
1538
8953
4947
8273
3824
2198
9386
3950
7611
2981
4847
677
243
2039
5373
9112
2895
2174
1012
8979
8635
4699
8228
146
2078
3817
1544
8034
383
5329
5634
90
5511
5625
4161
6134
4126
9856
9262
1328
4661
8848
8193
5308
1096
4751
5670
973
5273
342
4666
2948
258
3855
4967
84
1377
579
9208
1314
9
9615
2044
9231
6761
5317
6573
3491
3038
8120
9750
5870
4542
1298
257
1299
514
8714
766
802
9679
8014
2522
425
7388
2087
4815
917
4057
546
1925
7590
3012
17
8067
1595
899
9335
396
4181
4175
7568
3681
7461
5512
853
3471
6025
2626
6792
6694
9350
5186
7188
3765
1259
733
7523
3308
3888
9333
9303
3675
4654
1729
7625
8320
8203
5457
5945
3581
7600
1303
4103
1834
465
5931
1723
7194
7732
9442
7148
3198
9594
1055
4293
27
9751
6069
9634
1207
1148
8283
418
5649
326
5303
6725
5470
3173
844
7743
1145
434
8663
2159
6605
1261
4721
7303
729
102
5859
1803
6021
2178
5281
8638
603
7851
4582
785
3368
2517
493
3333
1475
6389
8943
1312
1590
3406
6825
595
1523
9682
9230
1702
2418
8486
3246
7456
3001
912
5383
8152
6803
1924
6168
5059
9297
5791
8710
9334
662
6184
6595
5255
3966
9102
317
4093
7377
2854
7243
3128
3280
9156
1817
1838
5872
2407
3240
8129
3693
3345
6323
9720
6009
7007
6186
5459
5983
440
8765
5472
8767
7158
2315
5724
858
8622
362
6548
8881
9996
3467
5301
9228
2761
1696
2447
2639
5991
8655
6773
6346
333
2663
37
6695
2596
3885
757
2891
5047
8066
414
3915
725
3800
797
3746
2570
8136
6108
1658
3376
3649
3269
9825
4902
4229
1558
9884
4483
9949
4308
852
7319
9657
2113
9907
3357
3131
6347
653
6569
941
5643
6082
3678
2753
99
4159
708
6352
9530
1648
2386
8260
4713
8529
2696
239
6823
2403
355
8312
902
3474
9873
1741
986
8112
5051
3615
940
3874
1760
1078
4028
6518
9141
8581
8525
1476
5458
9651
315
818
8042
2072
2531
430
1564
1292
9344
6567
788
4641
2466
3464
2796
3735
784
4421
2335
4355
2441
4773
683
6637
2513
8731
968
5456
7599
2402
963
9670
4517
2415
9964
7602
2082
9414
216
8855
8793
2605
3991
7926
9760
9209
5669
3704
6701
5881
7832
7263
5911
4887
8503
1464
1372
2936
10000
6497
2952
1688
147
3538
8495
5360
5909
9781
444
3208
157
6312
8108
9629
9428
5
6316
1863
5179
408
7126
229
485
4063
6206
9325
7083
6095
7991
5045
4471
6449
4274
9962
4427
135
4561
596
3468
2437
5068
9066
1811
1267
7407
5197
5353
9464
2782
6024
5060
7848
1430
8857
5356
6281
3081
3075
4915
2102
1047
7728
2453
2706
880
3719
5266
2688
1105
5556
776
9175
5907
48
148
1725
7680
2968
5134
5731
3098
328
6499
1429
9014
7834
8833
1363
7496
7845
3503
8239
9440
6848
5288
738
4977
5995
6935
6202
7841
3975
5236
6617
8178
9373
4434
752
7117
500
4756
6929
548
7330
316
6367
376
7781
3360
9840
5101
1137
7301
7266
5425
830
8798
7705
461
4816
2002
539
926
7710
5485
2237
5113
6655
5315
2057
2030
5033
1526
5491
3165
7632
5990
7670
7533
5606
5551
7586
9157
5304
67
6876
8578
9575
1244
7340
8208
6481
4185
7463
2615
8860
2703
9198
6998
2668
8189
1824
1497
7328
6366
6253
6107
238
7759
9846
4803
5848
9178
6129
8307
3270
9456
2135
8006
3426
366
435
388
2059
8520
1789
9643
9898
3839
7515
5832
6516
5917
5454
3995
8049
2645
6440
2179
1129
2861
2555
2001
4696
4617
8892
3340
2882
9677
3452
21
5048
8294
9660
6670
137
7509
8026
732
4536
4360
196
9814
2190
2958
9563
4467
803
3627
4376
5582
2841
8317
4272
5779
297
697
1174
4962
5248
4873
5242
2874
9880
4846
385
7904
9517
5151
2572
2189
6029
4862
1176
1404
7563
7239
8903
3171
9482
3029
9954
8629
7073
4974
2601
3372
7609
9454
8079
149
4017
6075
9921
6960
3174
5584
9673
5375
1272
3851
8818
6173
8356
2722
368
2499
598
1651
2378
5486
6540
7583
299
2173
9044
9742
3745
3501
2048
1199
5399
4741
2297
2805
2525
106
9118
8448
9197
5414
1660
2806
7316
9296
9974
9805
9561
962
1440
6844
5934
5610
3683
4983
496
8235
2771
9310
8491
3125
687
2654
4818
5969
4611
2085
567
7015
4618
2575
9916
3872
7072
5396
8614
9796
682
6538
6614
7482
5677
7362
6482
3008
812
9298
1766
6537
2461
6753
6959
5768
5766
3739
3483
9311
6984
7466
4552
9276
1492
9543
1909
9460
6926
4494
3862
3
5806
8194
7505
9269
8994
1666
7452
9577
5246
2797
82
4551
6360
5598
2716
1736
3444
2664
6534
919
8071
3732
5964
2554
5220
4687
8584
887
9799
6862
7984
5976
1453
7843
9268
7307
1549
1301
4821
2212
898
3771
7700
9504
3527
8388
5013
4177
5746
4160
4640
4226
6121
4638
5372
9531
178
5063
2242
7499
7398
7139
4498
9337
8215
3265
5941
7403
6602
6073
4609
4062
2975
7399
4993
9631
2206
3660
3151
6674
2384
1213
8516
6559
1406
4486
3988
3116
2869
2966
7809
3592
8400
3783
9765
345
7414
6895
3511
3887
9300
4805
4429
2385
6606
1318
8336
8677
4135
1625
8703
8338
5668
7185
8526
9822
3385
2566
6938
972
7045
5973
6015
8545
900
4292
5129
2755
9524
9363
5904
8058
350
8428
3441
4602
5318
5093
8385
895
2235
4192
1051
2974
7393
1906
5147
3053
6286
5696
9082
2109
1531
3295
9451
3028
5884
8717
4505
2820
645
4607
3830
5626
1458
7674
2832
173
3024
7911
3956
1891
8851
4188
8645
7526
6797
1663
9249
6387
3402
4046
3106
3217
4207
1926
786
6100
1640
489
8760
8132
2765
8592
3981
453
1944
6821
3364
7047
4787
5653
6137
4868
6902
6978
5732
4723
5393
2781
3850
3836
7833
7690
9727
3814
4664
2728
471
6880
9374
7430
1876
6299
3794
1619
192
5098
6869
8899
6172
1672
6632
250
2304
4448
5645
7885
8217
9654
9521
305
1988
4833
495
9537
4117
1491
9865
8540
6813
4261
7443
7634
8060
777
7626
162
7423
1270
4349
6151
516
9201
1655
9021
606
9043
488
2815
7387
4215
454
7636
4398
6216
8971
5842
841
6258
9215
2038
9745
3094
3254
9474
8823
9397
573
6307
8991
2614
8175
854
6059
5503
3415
5021
8328
4430
8643
1711
5825
8916
1993
5955
3489
4218
8149
6799
5737
4533
389
6291
8789
1190
6488
3893
3653
9758
4436
7735
2494
3577
3091
5083
3129
6355
3633
2719
5122
3598
2527
629
8644
4210
1075
3115
515
69
4702
674
5672
7192
1557
7369
382
2450
5944
2103
6136
8511
5367
1691
5999
8929
7099
329
5195
1027
7868
1878
93
7453
1624
2495
2246
1720
748
8922
950
4256
9134
1456
1508
8274
9100
4112
2787
5603
4764
787
7651
1534
5141
5224
3232
8332
3373
9323
6382
6150
6017
5467
4335
3015
8441
6726
8008
1070
2373
9635
6764
2845
6943
8321
5111
7642
3636
9511
8012
1153
4148
6524
7162
4060
447
6561
9304
8729
765
6235
6077
2516
6103
706
6144
9652
5487
277
2042
1568
9205
3419
9812
6551
208
6194
7216
6284
9400
6127
3245
8412
9409
2255
8905
2172
2092
33
7800
113
9180
4206
3813
614
8999
3047
4110
5975
8137
3952
6738
4239
8956
9392
3455
6066
9558
98
9191
6589
4426
2679
886
303
4595
9070
8496
4651
2149
1471
6351
9455
381
138
4344
7859
8904
5972
3130
6457
3044
6255
9848
6053
8821
3248
8676
8724
3185
5148
5115
8259
1134
9546
8483
5346
7853
4981
1165
4129
2329
3144
9867
9412
2970
9487
1649
4706
9340
1320
4804
982
9681
426
2442
4766
6429
7483
4576
7485
6554
1035
6338
2682
4183
6995
2671
9071
9319
1390
5140
1913
5241
8187
6808
6080
2624
9522
7578
7469
1009
9934
6071
7006
4024
8077
8562
8564
7643
9330
8346
1448
5952
7248
2003
7256
669
1364
850
1201
607
1713
1841
5833
2469
4216
7245
6682
2245
9540
4358
5310
7431
3166
2759
5547
6968
6034
8234
3914
6378
8504
480
3589
1246
9775
8778
727
5977
2355
1210
9354
4287
8875
9241
2404
9221
1020
2006
3970
1717
9068
4357
5271
527
1209
4373
9287
1770
5574
6688
9602
224
6564
4535
4162
3902
4785
7927
3469
9498
9622
3756
6611
9793
6997
3663
1895
3207
5741
3744
3890
195
8972
8267
5444
5984
822
1477
8559
9928
8480
3759
1810
109
2027
1466
3682
3789
5163
1846
398
4754
1043
4578
5447
9704
280
9709
2994
4205
2662
3117
8011
2540
4118
2520
463
2803
1812
1069
5342
374
536
2047
9309
2730
8762
652
9095
9847
4013
5339
5211
9568
8297
3784
6322
1598
4010
4276
6279
775
165
1875
4146
4200
1233
8895
6681
7295
2141
6248
8996
8921
8572
5207
2339
8847
3334
7608
1014
9935
7983
2762
5479
9810
5369
728
285
1428
339
3832
4488
5188
4080
2309
2257
8930
9389
4952
9995
2701
7104
9719
7698
4644
4570
4858
1864
5699
9293
4450
4443
1532
8890
7149
744
7472
4761
2379
3904
6579
2226
5357
4214
5381
1703
4521
1858
4998
200
4869
219
1989
9736
5208
4885
2628
9443
1704
9724
5431
6487
4113
8263
2201
1975
6533
7513
2214
4001
3231
3686
6254
2062
3253
3307
4906
5676
5276
1330
7118
3635
4927
4016
8334
5744
2438
6282
7976
5046
5541
4524
8226
9139
5500
2942
8636
7883
1608
851
9408
2122
5390
2670
2954
8143
4614
5734
7874
6230
1418
3428
263
2627
1422
8522
593
2911
5031
9243
974
6574
2482
2678
4493
2312
1415
3043
14
8251
9566
3947
1537
5583
4933
4959
4734
4852
6328
3293
7110
5878
6422
1754
1388
1249
3894
2560
6101
4449
124
739
5751
7872
1150
8144
207
5450
3479
7618
1991
2656
8393
187
247
6658
7712
856
9936
322
2392
3224
1973
9254
3940
1857
9633
2875
4395
4903
7027
9638
4369
7903
529
5358
6317
1098
2369
182
2310
1467
1370
5071
2359
1815
2195
3453
8439
4068
2117
9877
3876
5568
7167
5855
1576
9665
4888
4422
7231
8507
9058
1366
3906
4397
2636
6500
3934
1255
395
7206
1398
1182
2871
6789
3124
5213
4492
6521
3840
3512
251
6157
2930
7040
9795
2164
6280
8454
6140
6128
7780
9545
507
8938
6177
9721
1128
4381
9505
999
7716
3880
9500
8783
4116
3821
9725
9776
795
9555
6785
5910
5861
7978
6363
946
9800
6888
7344
402
8914
4502
6232
1412
3478
2690
1839
3309
6399
1892
1414
4054
1828
2758
2366
1920
7054
2508
770
2207
8887
8630
4765
9912
8065
665
6315
6020
1997
3596
1359
1585
4715
5974
2344
2600
8330
4854
2630
4328
4496
2736
4777
1806
3157
550
2099
4452
2432
15
6859
4490
921
933
5722
6532
3772
9181
9050
234
8494
6782
977
4942
7219
3177
622
4969
9904
3055
3690
796
3429
1361
2268
5903
588
1311
6473
6504
7828
8052
4861
2016
6456
22
1325
5736
2493
6936
1708
623
9927
5421
9782
2818
749
8366
4946
9148
4095
1489
2548
2183
367
6846
2069
5869
6940
2927
1004
7365
2262
956
3601
3283
4109
1948
8718
5039
3666
1088
9890
2751
4755
1214
4623
5958
966
501
5838
7771
9183
8270
7648
7086
1045
1006
7415
7688
8539
5359
6563
451
9556
1039
7229
4603
6640
2361
4978
7502
4871
8924
8652
7966
8727
7438
2368
9189
8041
1788
7056
9182
1626
4340
7024
4527
4743
6982
3194
8551
1617
2015
3292
1634
3211
2412
637
7795
9016
2331
2193
1990
7025
4278
1611
475
7942
2498
4178
7374
6659
3050
7522
4988
5366
3088
9370
1200
583
2982
7107
3312
7767
4984
7385
2999
2585
9541
6376
7029
7230
7038
1225
4691
5128
6197
6861
5121
6977
1166
5311
8942
308
1960
1642
1599
7419
5720
1054
3387
3355
156
2375
3189
549
7409
7567
6085
1206
7454
4374
8499
2265
5145
4076
6819
7631
7783
2633
2715
7103
1665
3084
7059
7155
5168
6706
3740
5314
7621
6598
7662
4163
9185
1726
9295
5306
7212
1963
1263
4249
1164
2910
4331
3394
2822
1331
4792
6094
446
2068
8165
6769
467
2829
8072
160
2476
2848
7753
7251
6641
5830
8681
5936
5100
4378
7364
1223
8688
1399
5408
5319
932
6162
8275
9960
8669
5402
6588
1447
8214
2050
7172
3662
5875
6843
4681
1032
5857
2637
964
3221
2768
3521
624
7921
2658
1345
3393
723
6898
3404
4343
9920
8884
6199
8191
2748
628
174
6249
2579
8196
905
5044
8080
1441
4198
863
6283
5261
1159
2322
7169
3899
1669
3040
9256
2754
431
439
2191
6815
2582
8641
3134
938
2491
13
9783
7075
9242
3977
3153
9093
874
6112
9861
2089
8131
2747
3000
7253
7658
2396
7246
3132
9608
1785
5394
3494
5769
2128
8674
1764
6897
1899
4516
5286
7734
7889
525
2723
2056
8442
1787
432
1719
2256
7988
5423
3082
1692
2840
6975
8988
4410
2661
2776
7748
9929
3105
870
2487
1918
1005
5735
2737
4264
9891
7733
9844
4453
8897
6763
2284
718
6509
7352
5865
8877
4120
7331
8513
4157
1323
9064
5841
8770
4061
2827
321
2163
6501
6361
42
680
3496
6170
6296
6736
6979
8035
5057
1728
8083
758
3052
9915
4620
7558
1374
5282
6599
2140
424
1515
2251
9353
7557
6476
2767
2523
9767
452
8202
6415
8004
8810
5490
4731
9614
3777
8700
4935
2814
8666
9851
7606
4122
8775
3672
28
8879
6900
1986
2511
279
4637
6839
9048
172
8101
1251
9199
2576
7556
4778
9341
5608
7512
3996
8468
4315
3031
4056
5411
8216
8266
4049
6122
4364
2024
2296
8901
8756
3472
7681
6478
2959
8010
4389
1577
4939
1679
6448
5840
3466
9265
168
8732
7458
1230
3541
154
1383
2475
4086
5225
1443
6444
7659
3271
8408
4294
4037
462
7459
939
1931
4269
5240
193
4586
1228
6788
1573
9406
20
558
7888
206
6586
1408
7542
9806
3449
417
521
1291
5515
5040
9779
6052
7491
7645
1192
2646
5968
7171
5708
8048
923
1219
2298
5581
2055
5989
5982
2935
2008
4712
6093
809
175
7451
2244
2534
4739
8457
2005
8534
5639
6887
7964
5714
9945
5227
5361
9836
5562
6116
1386
2993
80
5690
34
9015
9553
8870
35
9808
