4495
3786
2779
2176
2856
1972
2728
3400
3284
4393
4554
1683
997
445
2182
779
2414
2724
1570
4946
1164
2808
4962
898
2303
265
3710
4002
2934
3810
4989
1200
1923
3919
1307
4473
2578
2060
2807
1124
1110
756
1883
4574
4954
344
3672
2740
1142
2883
907
3242
123
2859
3451
2839
3901
428
653
1617
2863
3186
2925
2569
992
4009
3771
2988
4929
1053
2746
494
1620
2463
3791
584
4250
1938
2714
2460
2629
3756
834
2850
2658
4429
1416
3518
3495
3785
4652
4145
4872
2310
3645
923
945
4921
4142
4483
2485
3160
2057
4658
4932
1479
26
4177
2385
3379
533
326
2962
3721
2739
3224
2770
948
300
3954
4374
3564
440
4466
2172
2926
1803
3668
4967
2369
4763
131
4010
1269
658
4232
4542
2761
1719
616
20
845
2192
2719
216
3251
3730
4782
1688
454
2826
3964
2440
2558
184
3090
2644
2555
199
4558
3192
3052
1830
4772
3095
1920
2944
4100
3616
4050
3882
1024
3155
1872
3274
3419
320
4072
3091
677
2673
3719
2561
3386
3252
4811
3153
3121
2079
1555
2919
88
3037
2282
4885
280
3128
3015
3165
2791
846
4514
657
2705
2950
1285
38
3262
3452
4999
155
4136
2855
4551
4095
1914
2907
601
3069
4633
4770
3929
947
3127
4116
4329
298
2338
4297
4586
4617
2676
1406
4274
2541
4547
3058
2939
1439
2813
163
1656
171
2195
3519
3517
10
173
539
4519
323
2277
3433
4785
4491
2654
1048
607
2829
3440
4023
2370
4231
3933
457
1177
694
2776
3689
2497
4022
4156
3861
424
2518
3201
234
3892
2193
783
769
1640
2167
2876
1168
118
4018
4375
3373
1908
4294
1391
568
1248
1305
3222
3763
1065
4727
2178
3380
4552
3211
4752
4685
2511
4775
3764
3269
3540
27
4449
4998
99
3480
2165
2501
169
587
2232
3326
2097
2965
2252
759
4006
2653
3687
2316
858
2432
3089
157
1052
2125
1616
40
4908
4360
389
2451
1667
1509
1047
2350
2183
174
2421
2390
3413
725
1482
4387
2494
2423
4688
362
4281
2657
2439
813
3006
3392
696
4060
4960
2119
745
1974
726
4386
1477
552
929
1286
4560
740
1567
3817
1569
735
919
3658
1221
4357
460
4509
3885
492
2780
2621
4223
4322
1778
2202
329
2973
3843
423
2198
3449
1946
3393
2737
3947
897
4486
349
2341
2888
4803
1753
3644
1376
3236
590
2157
142
1399
4516
347
1044
3258
3255
4458
3390
2333
1750
4061
2018
3193
652
1927
3248
615
12
1098
3992
541
1529
3483
4154
2585
3002
1947
1644
4417
3850
4119
3364
1322
4059
3697
2723
743
1475
534
1997
2482
1755
4760
635
3558
1061
854
4087
560
4564
1226
1067
1387
3990
3938
91
2766
3666
3023
1216
2656
2675
1634
3109
1718
4710
995
2371
823
3226
3968
3665
1036
4649
2556
4409
4399
1203
23
3522
35
124
4906
1994
1520
1450
4312
3585
1385
1072
3915
3374
3849
638
2954
1651
1220
4198
4610
1899
274
162
384
138
2112
3164
115
168
2450
2567
3867
4555
3417
3198
4963
3704
4140
1250
1720
821
1949
4150
3474
4503
879
2071
1855
2287
3427
2106
448
1243
3680
782
4205
4479
2608
3890
4635
4784
1011
3698
980
4217
2597
2641
2102
2573
2798
558
1814
1518
219
3571
3936
502
3200
2321
713
4980
4642
2078
1432
97
1034
2866
4676
49
3812
2882
4913
1922
3814
3595
2048
2457
4493
544
2353
4942
2415
4131
1966
4771
109
2574
1091
1581
134
4147
51
840
3606
2575
2468
2640
1985
999
998
1130
1973
3264
1733
1189
1276
3266
2921
3746
2268
2987
1494
3100
3865
1595
3939
1342
2929
2691
4978
2166
2323
1619
1811
3534
4923
4180
132
3498
2036
4779
1658
2022
723
2149
2181
4157
874
3158
4108
1275
468
2833
4501
761
4591
501
1378
93
4583
3206
311
314
221
1505
2128
3384
3696
1373
2009
2124
3437
763
2832
887
4275
3832
254
2492
3103
1405
3249
1344
4848
2248
3859
2615
3334
4977
1088
4051
1463
1748
733
4080
2491
1864
4557
1056
752
4944
3874
2001
1608
4893
479
1900
1679
550
1218
3930
2990
634
204
4837
631
3533
4411
253
4708
3084
2627
2552
4468
2017
1523
3708
3688
2267
3806
1026
510
3946
2788
1831
1404
959
316
4725
3675
1752
4467
1887
4153
139
3354
67
3215
3487
4101
4869
4650
3636
2170
3324
3407
1954
3376
2880
4750
2225
1541
691
198
1561
3869
1236
4683
604
2456
3858
2209
1370
4659
2074
411
2589
4396
2305
2630
3445
659
4251
703
447
3976
1711
2582
4408
1635
4121
1229
2536
1317
3612
646
2936
4432
1049
2056
3643
952
493
1730
4711
2477
3102
1766
2081
4179
1386
1772
4536
1950
597
1901
3092
4746
4126
742
3536
3315
1625
1247
1823
52
3338
2708
2436
201
4485
3827
3769
1084
2330
1232
3435
853
3218
4879
2153
4938
4451
3031
3490
407
2811
3609
3640
3477
3493
4288
3753
4134
958
3762
2538
934
2379
3291
4943
422
1172
331
292
1487
4422
848
4058
3663
429
303
3818
825
156
3600
1717
2228
1040
3854
3362
1462
4369
228
483
4692
4571
1773
1489
4211
3741
1358
1877
3777
3726
1143
3661
3694
3629
620
4730
3489
1447
3601
3981
4609
2732
2959
1000
718
1906
3944
2159
1783
1165
3404
2382
1675
4935
4951
262
1288
2037
2002
3239
1854
2052
2430
1846
940
4079
2655
3075
2750
3788
3297
2087
2686
2782
4881
2890
1145
4502
1063
4310
2581
4345
371
3804
4927
4459
1839
4494
1119
3913
3418
969
3775
1626
4953
2652
4744
4400
1327
4712
1060
158
4918
4488
1472
1564
3572
4625
1885
3772
3941
987
2525
2292
986
1057
1338
2647
1661
102
4053
3267
4788
2284
2715
543
4966
3627
2797
642
3382
3891
2620
1147
2096
1515
2520
1512
2933
3583
2927
3608
2771
258
1073
4758
3219
2610
2431
3504
3589
1134
2309
3593
3389
4415
3715
3967
373
3761
3871
1135
4138
4243
1144
692
1558
2340
2879
2240
3993
1659
1418
4826
224
2110
1158
2093
3391
2235
1170
4569
1356
4678
4366
4756
4472
2458
4689
58
3586
2622
3327
3903
1422
1329
2523
3538
586
1339
4227
146
528
1585
2528
3963
1325
3011
4462
3281
1537
4787
3927
882
776
3221
816
3330
1293
2896
3088
1037
1249
965
1726
4565
220
3017
3630
116
2793
1265
4390
3492
4309
2716
2086
4048
2429
2419
3830
3958
4864
4165
3446
2449
144
3737
3563
1081
2755
4670
3803
1912
3876
2129
4912
2979
1652
927
295
110
226
1981
4090
1264
4117
4720
2843
397
714
3007
2130
953
4350
3256
208
665
511
167
4687
1319
147
4346
4265
3434
4513
2266
3468
3104
4749
3603
2941
3934
2892
3831
2136
1817
3412
613
385
817
3965
379
1152
4040
4843
3527
75
1668
4584
485
591
64
1301
4102
1173
319
609
4874
250
869
3398
3978
1345
1103
143
1580
517
4698
588
4054
4948
4598
2016
1042
2694
3738
2475
4270
3836
670
2834
1517
2747
2231
2696
1705
215
888
2427
3716
310
4866
693
3926
1340
3024
3282
3742
4044
3767
4965
2346
4321
3370
1507
682
1589
4433
2670
315
2327
63
3073
3078
1372
4613
676
4904
2495
3720
2613
4162
4456
3235
2547
3154
1318
3448
1743
3094
2974
2901
4528
3049
1961
1066
896
3626
4259
600
1496
1673
260
4209
3161
4755
1739
3728
1045
4337
4454
2905
4214
3180
3957
4690
3950
3857
922
3039
2095
3486
707
1734
3346
3322
4359
3512
2131
4809
3846
2570
2918
461
2223
1089
4700
3718
289
4036
4372
3690
4860
515
3283
850
3454
4041
4661
1051
4362
1483
1233
4071
3137
2374
3868
31
121
3879
4798
886
103
4550
4747
3250
3520
3359
3467
3877
3018
1758
4070
4815
3546
4611
1428
2778
4621
276
3847
3669
4187
243
1736
1795
1033
2639
4365
1371
3797
2163
2347
2238
90
209
1039
3923
3025
2981
3012
4618
3329
3097
4262
1227
3650
2108
1349
4540
1090
2623
182
4510
3773
2044
538
3834
3030
2587
3152
2729
3079
2348
1684
710
96
4137
205
2775
4220
4823
1650
2756
2332
3056
2286
4898
2115
1916
4789
2210
3086
2289
1295
3765
3320
4669
469
345
3277
2937
4077
3479
330
3428
4384
4420
4105
2328
4388
3635
961
2373
2774
4916
3987
891
3496
1995
3825
1820
3824
377
2221
4266
4363
4174
2722
3531
2869
2745
3298
451
4152
159
4419
1744
4038
1313
4020
2503
269
1283
981
3472
4302
4818
1246
4173
4582
4354
2113
1670
3620
4064
3787
674
1082
3117
210
1572
4093
2752
1361
4740
4626
2862
1054
784
4748
368
3544
4413
2720
1070
1859
2405
672
1641
1363
4972
1374
3683
2306
1369
1217
504
1441
2434
2875
582
2293
2773
899
2685
1525
1578
83
3377
4083
1237
2679
1094
2967
3615
4675
16
4790
1186
2972
3287
836
4444
2161
3083
2334
648
679
296
1547
2824
3781
1810
353
4567
341
4424
4961
4176
2701
5000
3394
393
474
4008
4863
709
4824
270
2526
1655
3894
1824
644
1471
3341
3768
89
2924
1097
2968
3982
1850
2411
18
4699
4402
73
818
2039
3108
1079
4441
3293
133
4199
4639
951
1696
4133
4120
1184
1798
140
4263
770
2140
2276
2945
4305
374
50
3034
2545
190
1874
2045
754
3116
309
2698
4026
381
626
3951
1703
1078
2522
2643
1068
4825
2940
2564
2264
918
177
235
1771
3641
2946
2021
4148
4032
1794
4629
4604
3233
4632
675
2659
2706
2200
1978
3935
3525
408
1612
1919
2034
519
1540
1904
2218
1598
913
914
3870
1153
2577
1674
2105
855
1804
1429
3148
4151
4973
2465
2453
2980
2996
1762
861
3514
932
4470
4959
4437
4859
4112
3969
4588
4694
3484
4955
2665
3888
2054
1544
1004
472
1522
25
2624
2092
2336
4208
2466
739
2244
805
1412
1414
4193
1208
2058
4714
1333
946
1535
4334
3303
2952
1521
750
3491
343
4890
4636
4595
1911
669
2591
3173
651
797
4950
3182
3659
1029
2339
1822
3748
1383
720
4616
141
3313
1240
4200
508
1999
4934
4759
1017
3649
2535
1438
1590
1266
313
3555
1594
3681
612
1223
3402
641
2476
3113
4643
261
2053
1185
1526
2196
976
2038
355
2648
4892
4289
4076
1931
2088
1095
3050
2844
2025
4206
2633
4496
3136
4361
120
1800
4780
3185
1465
3151
1194
4139
1183
1456
4358
4000
4106
4088
589
602
2583
1653
218
4482
514
608
3664
2168
4575
594
1506
4068
1384
211
153
2055
3841
4257
3980
2534
2625
794
2994
2619
3441
4110
294
3481
3789
3750
1807
180
339
2426
4370
2572
3542
3554
786
2479
3509
1022
684
4919
4895
4
3802
4631
2792
1941
4331
227
4522
1992
4624
3033
1433
3837
4909
2274
4196
3150
4063
637
2999
3004
1930
2059
2388
4713
2975
1780
484
2963
960
2313
571
892
1765
2381
4764
4081
734
4970
3196
4603
841
1241
2020
4907
2721
2352
2812
1292
606
4163
2283
3217
4862
4332
4039
4928
3678
4203
2250
337
4405
4311
2204
570
130
4249
247
2588
2147
1007
3562
4235
3220
3607
1843
7
4213
2006
4190
4997
4612
731
403
523
2804
4269
1936
3853
4696
4724
4300
3499
593
3456
4684
4055
542
3302
666
3466
3027
2409
164
1
4027
2768
527
4245
3505
2991
505
4169
2487
3344
301
2539
1691
2800
3000
4282
4585
4490
2532
3845
881
873
152
197
3485
4317
2956
4602
4271
4664
2602
1786
1917
3577
4253
151
3591
1231
3826
4870
938
1150
3005
1354
3342
82
1461
2825
2253
3711
45
317
878
3970
518
1905
4204
3044
2938
4844
4045
859
1190
2109
1171
4527
3561
2162
1118
1841
3807
748
3782
4655
3345
4924
2246
3142
2133
2873
963
909
1076
327
2229
1176
546
1886
3973
223
74
2345
4252
4389
1970
2649
3975
989
1532
1294
3893
2355
266
4286
2024
2400
396
351
2695
1516
3107
3873
2368
4505
4806
1836
3932
1948
2872
1303
4983
3821
838
3021
815
563
390
629
3653
427
4926
4381
433
2319
1181
1281
1425
3171
3029
715
1873
1149
1443
2344
1160
2073
4651
2261
496
4820
3717
4292
1630
1161
2817
3895
187
1869
3210
3897
2120
360
3335
4538
1932
970
1989
1996
4012
230
257
4398
4548
2335
4239
4448
2594
1632
2190
1956
3022
2590
467
2185
2278
107
3883
688
3758
4899
1728
1271
3685
2040
3565
86
1925
1833
849
3962
3623
399
3507
1928
2080
4531
2383
1560
1114
1611
387
2734
876
2650
2155
252
2275
4660
4427
3357
3074
4668
1491
955
4183
3793
3300
3995
1351
4867
1731
4545
1740
1131
2027
436
3568
4349
4648
1813
1253
3035
2874
1553
4797
4167
245
1575
1935
1871
2213
1785
1219
1163
363
3177
3575
4731
2094
1592
3263
706
3996
2356
1469
3478
3120
697
3705
2236
1868
382
2417
1100
1606
3439
4719
2470
1025
4086
673
1050
1188
2796
195
1497
1657
3677
2794
4021
3835
3628
1638
172
3147
1086
1129
711
1519
1613
2966
3559
2514
2899
751
1898
2358
506
2617
1955
3080
1857
4233
3979
2738
569
4556
2604
4871
828
213
3135
1238
1427
3988
979
655
1951
3352
470
2222
3347
2600
3567
4566
939
409
70
2931
1746
4412
1826
2148
1694
476
2160
1775
1633
2646
4910
3875
2214
4722
2848
4161
557
4804
2557
2260
4735
286
1407
2180
513
917
728
2785
4325
4291
1622
4067
1834
3860
719
1046
822
2864
4094
576
452
308
3614
3907
3112
4241
3899
4847
746
3912
3272
34
2258
2744
1486
3848
2762
3257
42
4477
3279
3447
2230
36
1306
288
1582
3550
1062
4230
1889
2255
4799
2704
1562
3706
525
2958
3942
4704
4753
2816
1289
2049
3046
4285
4523
1239
2948
4378
4990
4225
2399
4368
3469
2005
3639
2542
3038
3864
2849
3776
2299
2900
3422
1902
2314
4284
4075
3784
592
3071
4761
8
1364
4931
1296
937
803
1454
4858
3999
3790
3842
4822
1262
1588
2448
3922
4404
1064
4111
1481
415
3207
660
3618
2683
3176
4786
217
72
80
1500
4248
3956
1201
3146
2870
680
1513
685
2144
1797
3114
367
2072
4801
1631
721
549
4016
3288
2712
3511
4737
1141
46
2499
4096
2846
3455
2014
1388
2123
1702
4025
4382
885
39
4327
966
2531
2699
799
2893
633
4141
1245
2216
1396
3924
3920
4170
105
4541
901
4416
3059
1583
196
4778
2786
1991
4246
775
3573
3707
1431
2315
2661
166
4155
883
3822
175
4563
3383
3679
259
3438
4507
1204
727
4181
161
1756
1545
698
3261
2445
4579
4701
1272
2493
1012
2932
3457
2242
2984
2815
4092
4299
3471
4098
3305
4807
1382
3240
2480
1092
4394
108
3910
4777
1367
1222
1401
2403
3355
4401
4580
978
3712
1032
3179
894
2603
1493
1055
1531
414
444
100
3598
4197
4113
559
477
975
4195
4971
3065
4905
4985
3631
2566
4681
1980
4229
3528
287
1621
2404
801
76
3381
61
1302
729
1576
4702
1665
307
128
4043
1882
1332
2351
1499
1501
2612
830
1300
3372
730
911
297
2433
4005
994
2684
2270
4512
1894
2420
3727
4792
3578
2111
4287
3556
2754
611
3714
4371
386
136
4656
1368
3126
864
3670
3401
1395
942
2645
3145
4406
267
3076
636
4718
1180
3917
56
1008
689
2442
4607
4210
2616
357
778
4434
2787
2317
3959
2343
3862
3579
3129
1162
3662
832
2565
1113
2294
4914
1117
1193
856
3106
4487
2697
4834
475
755
1536
1662
3131
595
3356
3983
2687
1848
4861
365
554
239
826
3366
535
3674
4707
712
117
4103
4215
4489
1350
30
3744
1038
1146
3191
4057
4367
640
4667
2047
4029
1274
4089
4812
203
1457
1105
839
2821
2050
530
350
4442
2416
4805
4353
3792
4212
4122
3410
281
3961
2618
4897
758
1514
1979
4132
3318
4030
3780
890
3047
3268
2810
3549
1837
2951
2301
2397
4109
3134
4680
2854
2502
1681
3535
114
1847
4431
2949
4280
273
1013
4296
3909
4240
4845
1697
1353
695
165
3336
4947
4343
852
3204
3545
3453
4426
2819
572
2822
950
2285
4991
4336
2474
3984
4344
926
4216
875
4242
2154
2943
645
2993
1423
622
4395
2568
3213
2481
1093
4831
463
111
2886
4981
1579
768
1751
610
4160
2677
4814
2362
810
2519
2982
4539
1623
434
2375
3617
1492
1861
2609
1929
579
1498
29
480
1863
520
957
1148
2913
3343
3296
2898
3502
4996
4175
3241
4447
2845
3863
4530
2462
2033
4403
1280
3436
3602
125
2019
1984
2469
4592
149
4791
1268
1542
4380
3686
2767
2681
2571
630
328
2512
3350
774
574
2914
3187
753
806
1548
3162
915
1085
2138
3808
3759
3722
1563
1474
3118
1910
4166
4882
41
3051
2631
3460
3488
1587
3513
1829
3521
1320
4226
802
3476
2580
2920
3008
4857
4546
2634
598
605
4884
4455
4768
4877
3937
866
4993
4952
762
2219
3309
354
3581
902
3406
1197
4158
2964
2152
3304
170
1257
400
868
369
4939
3278
1732
2674
522
3409
4303
4260
555
3459
3749
193
3622
777
1228
2765
4342
4974
154
2171
1867
2889
1845
906
4410
3584
4525
1102
3053
2805
1819
2378
524
3143
4940
4896
4314
1774
1963
1448
4888
1484
462
4065
3695
4852
3443
4738
2010
928
471
3699
1767
2068
3844
3271
3743
2614
4614
708
4464
54
1879
982
1109
1397
895
3042
4876
4559
925
4085
2296
2548
2995
359
449
575
2669
3072
3168
599
32
1140
2117
2206
2241
4221
2908
3560
1495
566
4520
2703
3032
4975
3655
4146
1169
4385
4821
3523
3925
3731
2970
290
2107
4925
632
3231
1488
1686
2533
2455
4532
1156
104
3292
2529
1490
941
3244
581
2402
1926
2605
2175
737
781
334
3949
3774
988
4318
1761
2187
4007
619
2857
3212
3838
1077
1476
564
2307
4461
1715
137
2998
1511
1080
1768
3349
749
3594
1799
4637
500
4729
3530
4875
1690
3972
282
2516
1449
1278
1398
3811
2122
28
4319
3144
4097
4256
1716
808
1609
335
4290
4765
2895
4721
2220
2488
2550
747
1982
4056
4573
1224
1348
1502
1389
401
1058
516
3724
1347
3740
3566
3855
3367
2689
3458
580
1607
683
3265
55
1174
2546
4553
1759
4034
4795
71
4457
1485
122
356
1470
4734
2084
4619
4628
3430
2425
1115
1122
1600
4578
206
2628
4922
1539
1316
1464
2725
4911
3464
2311
2302
3348
526
3194
4355
3819
113
2186
2935
3225
4817
3905
4335
4880
2393
3111
1983
1565
3503
2997
2682
271
920
2256
3599
1664
843
62
2820
4856
1324
2342
1261
1875
4742
495
318
4900
4732
4868
3884
4082
3553
4504
332
1421
2051
3085
3133
1434
3003
921
3178
3783
1179
2853
793
3363
2217
2377
1866
482
2363
1326
2461
872
943
2709
4745
4338
1556
2595
3940
3289
545
1965
1128
663
4123
686
3732
2265
14
1695
2838
3703
3588
489
1878
2467
1028
3353
2443
4508
4465
4011
383
3214
2638
4982
2693
1637
2584
3723
3828
4192
2663
3426
2711
1214
3123
4957
4237
1006
3067
4920
4751
4443
1106
59
1573
2000
4838
2357
2234
3365
4941
4717
3624
4594
967
1627
1459
277
4407
972
1314
1838
87
1021
3839
66
279
1709
3971
1721
4498
4524
623
842
232
4832
458
1907
3887
2977
4074
4679
687
4968
2318
4364
2486
2099
2066
6
1166
1710
4945
3166
3948
738
1876
795
4917
1108
112
863
3796
2957
3779
3752
716
2544
2731
1700
1747
3054
2189
2227
1435
4128
4623
4307
2291
2923
2077
240
2549
3590
13
3552
2418
3308
1436
2026
2858
2741
3199
1059
333
1568
3424
2132
4073
1330
1615
1890
3684
2733
1745
4308
438
3290
3087
2254
17
1934
3570
2446
903
1341
809
2960
4549
2322
446
4184
4757
3526
2795
4104
455
1381
4013
2635
85
1862
236
1921
2011
2540
4037
4842
2359
3815
1352
4743
3735
2471
3188
1154
3378
993
4004
2272
2041
189
4933
2971
3886
486
628
1402
4663
1742
1127
2660
4277
1083
3500
2505
1273
2090
1244
4883
2930
3223
2748
248
4261
3232
509
639
4630
306
1366
4341
4686
312
4484
4351
3351
4172
3580
473
1175
4969
531
2601
126
1132
4593
1604
1010
627
2012
3651
202
3532
2727
3208
2692
4033
1538
1735
1379
2524
2606
3482
936
1808
2751
3548
4828
4674
3977
4049
1599
1884
4526
3539
2554
1924
3332
378
2215
2478
2897
358
1776
4597
1712
4827
964
183
792
699
4471
1790
971
3395
4330
3736
1478
512
3543
4590
2837
3497
4830
2135
4469
924
2835
268
4849
2082
2437
2484
1282
1126
348
1602
48
2891
416
3673
1699
2841
4264
1101
92
3682
2836
3604
2830
1957
4766
4615
1133
617
4377
614
1207
3621
4819
4171
2852
4979
4654
249
804
3851
521
4518
1827
2281
1689
1331
573
2
1815
3997
4601
1805
431
1415
2690
1225
1960
1336
1998
2100
1075
2028
732
3013
585
1586
1793
2562
974
1290
3156
2329
1074
2156
2764
2667
2142
1614
1806
2098
4600
412
1202
1446
1210
3866
4754
2007
1355
2208
1764
246
1643
3985
1603
1284
1503
837
2953
4665
2559
2592
3701
2300
4865
577
4995
811
3856
4841
2906
4936
4188
829
3122
2543
4024
3928
1835
1858
4352
4143
1452
4114
2091
361
3646
456
2992
1707
1860
788
212
4084
3041
2506
1968
3820
3141
3098
2860
1903
94
668
4576
767
4159
420
4854
4476
4529
3403
2398
2789
2101
4562
889
2263
1508
2295
4544
548
21
392
4268
551
222
2046
1198
2799
2593
2320
3823
375
4168
1002
77
2139
1321
3494
1151
65
4316
3596
1030
4937
4440
2902
1870
1468
1737
3270
1840
1828
4202
4850
4620
4726
1510
1543
3369
69
129
3657
2116
352
4851
4666
1440
2029
1770
3713
662
773
4149
1256
3576
4019
3638
336
1977
2326
1880
1682
2406
214
3228
3634
2877
3462
391
1311
2986
2389
426
1287
4125
1308
4301
1909
4796
1596
2114
3592
1825
819
2922
4739
4130
1251
2331
1409
4254
324
4430
3172
2391
2515
4452
4709
1534
2885
2636
2769
2179
2599
2758
3285
3237
1155
1896
3991
2380
4697
3880
3760
4878
2910
2384
2632
1187
1043
4736
2814
2407
1277
2191
1410
656
910
4127
453
1071
3397
2868
178
847
3529
3060
498
3671
488
3110
1591
3872
880
299
1359
3473
4439
1451
2312
1334
4069
908
3319
2527
2150
700
1209
3254
1551
3124
4762
3423
3096
4324
3414
3063
2985
4376
4421
4446
931
2367
3733
1809
3778
4783
3647
2396
2894
3077
2008
302
2089
2408
772
2802
4078
596
3515
2596
1213
1003
3813
3809
1121
1554
2386
1138
3321
2551
322
1727
1642
807
119
1460
1212
4846
4587
425
2917
3081
704
3537
1455
567
1881
3246
255
4273
4001
4423
1945
2757
3230
19
3010
1895
2760
4003
4887
3174
2483
3852
661
2004
857
1009
304
3157
2233
996
4622
1787
4450
2537
984
291
3360
1211
4279
419
1856
439
4435
4028
4535
3442
3508
3294
4794
884
851
2702
1763
3286
2784
2989
2637
3648
1738
1781
2912
3036
3195
1704
1708
3582
4295
1654
2354
4608
3014
1913
3652
871
2392
4228
3986
4705
1258
3908
4728
2137
1915
2015
4258
3541
1648
1888
2847
2239
4901
3632
2205
2013
4047
1851
3916
364
4320
2827
57
4682
4641
4988
1430
1437
3900
2249
1714
1411
2070
1206
2203
4533
3339
24
1159
3597
4638
3337
395
4930
148
1255
2489
3159
3314
3125
4191
529
3754
765
1104
4244
3914
2245
251
4810
346
561
2861
3805
4599
3896
1792
1571
820
4589
1593
3340
2831
3040
3840
990
2003
1713
3725
3757
3375
2510
2035
3587
293
4414
4328
4178
1552
2366
3385
3066
2454
1952
1096
4272
2586
11
2444
3654
3229
2611
1424
4445
798
4723
4873
1403
3312
3167
3798
1940
2251
705
1087
757
2871
1215
1167
812
4634
3898
2867
3729
4767
2257
388
1191
2678
3328
1392
1646
949
2067
1393
2909
860
4356
194
1706
3216
3299
406
418
1343
2376
3399
877
3184
3693
4715
3323
4833
1944
4706
1041
1692
1725
985
1016
3734
1263
3625
1986
2177
664
459
4135
4506
4453
3955
2064
4046
4035
1693
1749
491
4596
1784
3425
1844
1323
4703
3878
2075
4605
3974
3016
1788
1015
3420
47
796
1413
2174
2031
1375
4042
3295
1663
1852
3755
2803
2878
3960
1685
4570
2243
2642
3415
3189
1891
404
231
2521
2718
1801
127
2201
3411
4373
2412
1760
1504
1971
2424
1939
5
1099
2707
4481
325
2464
1701
4062
1346
1267
1116
3275
780
4733
973
643
1112
3045
1669
900
4392
1666
2563
2069
410
865
690
4418
1157
3770
702
4672
4107
4091
1993
2496
4889
2509
4218
2772
4773
3633
2030
4255
4475
1672
98
1987
790
244
1234
4976
3766
79
3331
3945
2840
4691
2498
185
3470
2279
833
785
1976
4829
956
1636
413
4339
1678
4276
465
1196
4517
1969
3800
338
722
1796
1802
870
2473
2865
60
547
4781
3280
442
3043
2961
1842
3149
3610
4182
2736
2607
3551
1677
4201
478
2247
2472
2226
4774
1546
432
3368
2372
3676
4835
3911
229
3061
1019
681
2127
2259
3432
744
4894
578
4497
4793
3190
3311
285
4800
1639
2672
1259
1647
3953
2700
556
2742
3028
1741
3660
3202
1315
4236
2664
2530
4994
3020
893
532
1967
4436
188
2447
814
2781
2441
1027
954
402
1139
3557
603
1660
4347
2579
481
1123
1942
844
1958
43
867
654
305
2915
435
2517
2713
421
4186
1853
760
2194
1605
4836
237
4340
4478
2076
2851
4992
4247
192
3301
2224
4052
1125
2262
4492
68
4903
717
3333
4716
724
4164
2394
4572
1724
2337
1360
1309
4816
2717
4964
3405
1789
1001
4581
466
2598
181
4568
4438
3739
3099
4808
2626
2576
225
3667
3082
2280
2364
3619
1628
207
4379
3833
3943
650
4677
3605
4129
4886
2361
1893
2297
1111
3998
4115
2288
2801
2710
4644
3461
1335
2063
678
1629
4238
3227
4313
1178
2212
3816
1444
44
2507
1812
2928
186
4474
991
1205
764
741
2969
4480
4662
2422
2062
4066
3906
1821
3019
3799
4306
1897
1777
191
625
2103
4891
3516
1937
1559
200
3881
380
272
2459
1849
1933
2438
1832
1754
4561
3181
2141
4647
450
33
1723
1254
4695
3245
4222
2809
3501
2104
3794
37
3259
1426
4813
2671
3569
1390
2560
370
3361
4640
1892
2428
3358
3429
2410
2387
4534
2173
3093
905
800
1445
3745
22
145
2668
2790
2666
2688
2118
1069
3574
4293
1230
242
618
3994
4118
862
1260
3026
1279
2042
2197
2199
1136
647
233
342
2184
3310
1417
4646
1304
1312
4298
4124
3371
835
4333
1577
4425
2146
1769
2842
4521
1729
2188
3989
3163
1865
2911
135
3691
935
2271
2955
4986
1757
264
1964
1687
4741
562
2273
3170
1199
4537
1698
4234
417
1031
1337
2513
1120
2169
3642
2043
1270
2726
321
2823
3463
3524
1291
3306
537
831
1473
2401
4915
701
968
2942
1988
1365
2662
3055
4500
2413
1298
4207
3101
398
2023
1557
4283
3421
1419
284
3234
2916
2504
3119
15
3952
1566
3247
565
3902
3450
3921
1816
983
3057
1394
4031
2145
933
1467
649
3183
3009
2783
3325
3001
1584
3613
3132
487
2490
1453
2211
4099
904
1610
4693
2881
2884
2365
1779
2237
4949
2158
3048
1618
4645
624
4014
3140
1791
2983
4956
789
4853
787
1107
9
1524
1601
490
3931
771
4323
1918
2324
3238
1466
930
4326
2743
1242
340
1990
1297
1574
437
3276
1235
1014
3611
2290
4304
405
1252
4802
2947
53
263
1442
2749
2085
3068
3751
101
3475
4839
4987
1530
4015
1597
3317
3795
238
366
4463
2508
4267
4219
4499
1528
1818
3243
3062
3702
1527
4776
3801
1192
4224
962
2134
667
3889
3115
3209
977
1533
78
3070
1400
1458
2304
4671
430
2083
3547
2032
4653
1782
3388
4606
2828
3408
2978
2349
827
2435
2207
2806
4383
464
2269
3431
1310
1182
275
241
3387
3203
766
1671
176
4391
2061
2904
3316
3416
1962
2553
1195
3444
4428
1357
3747
3169
394
1005
3510
3139
536
2143
4577
2151
3692
1624
95
4657
4627
84
540
1362
372
2777
283
2500
2121
4348
912
916
4840
3205
1959
179
497
3396
1420
2325
3273
1645
1943
3105
4315
4194
3656
3700
3918
2065
4855
2763
3260
278
1328
150
1649
2395
3307
1975
160
2680
4189
3
507
3465
106
4397
3709
3966
4673
1676
3253
2735
4958
3130
1722
2126
671
3138
4017
2759
4460
2360
4185
1380
2452
2818
1018
583
1680
1953
499
3829
736
1023
1549
944
4902
2976
553
2164
824
4543
3197
1137
3637
443
2308
2903
1408
1020
81
256
376
2651
4511
2887
2298
1377
4769
4515
3064
4278
621
441
1550
2753
4144
2730
791
1480
1299
3506
3904
3175
1035
503
4984
