3883
9148
9190
5886
1596
6
200
3789
1451
5621
742
9057
1195
6241
9097
4539
8912
4110
9891
8568
9322
6481
3879
4624
5099
6567
4880
5448
6518
9827
9162
6029
37
8828
9471
3086
9539
3180
4974
2166
1136
8127
3325
6369
4671
267
5447
6182
522
5705
8473
3482
4770
1144
5404
4306
1579
6669
6533
9175
8783
336
9556
3075
7362
6597
3224
2133
2790
5405
5497
7864
9777
7336
6800
8100
2682
6487
1124
2914
687
7132
6025
6329
2022
4762
5810
5894
3698
1687
5890
7096
5539
4199
8008
2579
773
8005
1709
2835
1921
5753
6917
4307
5560
7366
1270
7645
6410
5075
9630
4980
5073
8192
6273
9599
2083
1373
1167
2220
2681
5273
6594
3048
9474
5715
5265
6705
929
7557
1244
8531
5957
1351
5163
7856
3446
7504
5368
7213
5097
5673
1902
9951
5009
4043
609
2057
6150
5747
2923
9066
9517
6272
3863
9222
5794
8888
6513
3727
8819
4860
3338
4446
1560
4168
8625
6140
3296
6563
1513
3093
7934
285
1298
1715
2694
4142
6139
9590
2233
9047
9907
5764
6194
340
5089
5466
3025
8492
5496
834
6842
4111
1069
4449
1170
4031
4046
6409
8226
143
7939
6867
4779
7048
7664
3902
8290
4694
8072
2004
5309
7510
8087
6906
4667
2808
7641
9276
4570
9733
2200
1789
6614
2217
8369
8580
403
2078
3535
4542
4986
8334
8076
4512
7116
5533
7706
4717
1395
1290
1078
1981
6682
2727
8979
7450
250
6261
1435
3792
7696
8739
2742
1001
5873
8801
1977
3679
6203
6356
3550
5272
1630
8386
8830
5704
182
5470
5526
3689
6612
4428
9059
5254
2912
462
4525
3027
1806
8973
4947
2799
4611
4609
5115
1079
2554
8244
8461
3526
1181
1096
2105
5751
4866
9179
1129
7236
3794
4989
7129
4600
1353
2849
6630
486
3247
1251
2948
1323
1232
66
768
2820
4946
8450
6628
5203
3561
1132
8017
9886
274
9672
2108
2767
2369
3091
3959
1539
7677
958
3590
6284
1993
3843
3265
707
8071
1460
5870
8204
7509
2067
6079
7837
7701
820
4244
5785
5345
3237
2530
9385
2392
5789
6083
1523
1295
9063
2126
3440
122
1458
2290
8243
803
9766
3032
2084
8920
4877
241
2795
7639
3678
8409
7738
4048
4535
5713
3850
1168
8437
5315
4813
6151
5252
2322
6587
598
4582
1429
4521
689
3201
4968
5879
4565
3752
8835
925
4330
3875
2794
2875
3214
5257
3982
9580
4302
3640
139
9577
5620
1966
5999
6414
9191
9648
871
6737
9353
1967
5606
8936
2135
9552
4357
4763
9255
6470
2780
7033
9274
1794
7234
904
3049
1685
1695
7223
2630
2719
3692
1482
8729
9781
128
5555
5878
5443
7227
5017
1780
732
9531
3437
3725
5121
1161
9897
1015
3795
6511
1675
5270
1704
2479
6723
7836
3741
6345
7727
5577
4595
5293
1416
432
2645
2706
335
5117
8454
5458
6717
9702
6154
8694
2687
5978
892
23
2545
1854
2316
9095
8281
6632
8668
3017
1760
3450
860
5769
1991
494
1876
2629
9310
642
2621
6424
3281
1002
7486
4596
5098
738
9526
646
5974
2366
6857
1823
7871
8188
6685
3212
9775
9994
5329
784
5258
2146
6972
6891
4547
7830
1958
1150
8058
9172
9332
5743
7623
3812
1773
8195
1835
5592
3137
5433
4682
9645
165
9661
8168
3722
5850
9792
3819
276
3992
348
3414
7563
3541
6007
2432
9460
9216
8593
4223
409
6882
4964
6950
5844
7447
7897
4452
7480
1903
1192
8209
9705
1306
1761
709
4334
7974
9971
6816
781
2118
5489
195
7698
8864
5853
4140
7029
7488
2129
288
3937
3319
5834
1954
2235
4437
6596
5197
8323
3908
6817
7867
5674
4675
6967
5657
2025
3277
2363
5558
1771
5720
4951
3955
1365
4022
4903
4012
8282
4456
2732
4400
6868
6489
1530
2557
5319
967
6788
6462
3639
8842
3645
1696
6420
1537
8496
7057
5068
7637
6627
9275
2212
8664
7890
6881
2510
1380
8554
3083
9173
2715
6367
3034
1947
4299
9933
2805
6825
7997
4378
9261
4467
3886
5625
2492
1516
678
990
5005
4828
8776
7333
9689
6274
9939
8171
5587
69
4203
9873
7741
5324
6116
141
1057
5108
1045
9548
9924
2476
5906
7202
569
3107
7258
5450
6927
313
8089
7608
3037
8872
7478
4479
7631
9920
2246
7679
360
4900
4411
5588
9861
8684
954
2860
1564
1529
2192
7955
1762
2141
6755
8653
9944
9563
8686
302
2093
655
1683
5133
5778
6813
857
913
9105
8813
6394
1829
156
2779
3197
7971
2878
5744
6210
3314
7704
8182
7825
3452
641
2219
5845
7097
3869
6676
8377
4283
1749
3941
7251
1816
7160
1500
7827
8988
2673
5216
9664
3825
8435
5155
4941
2255
2075
6334
7050
5413
5508
3001
439
7780
7648
4769
9825
5442
7796
7768
4845
8274
6190
6943
6509
2714
4292
1870
3918
2325
8676
9853
777
5284
1269
9150
211
481
7907
5959
626
4801
1187
778
8858
6128
1559
8432
2305
8113
3905
4017
5177
9547
3449
4807
9029
5033
2470
1737
938
5930
8832
1148
8026
6386
5934
5993
1110
6577
7946
9493
7293
9625
3439
1514
7008
487
2185
8208
245
9708
3677
1755
3417
8517
7341
8490
5609
6314
7430
5380
562
5343
9603
5819
4649
5502
2266
7505
6966
2764
2763
8560
6578
3396
3391
4126
9064
4342
3268
4518
3898
6652
4895
1720
372
7352
3464
3014
3943
375
2596
9369
1430
7162
1690
1383
3300
7153
5326
7805
5042
7669
1684
8960
7459
6740
9439
5335
3372
1524
1890
9129
2395
8977
9967
9655
7693
844
3604
6089
4410
3988
6856
3459
9341
615
9796
5179
1213
474
545
9453
4927
2397
6281
9917
118
9377
3410
277
972
5249
6144
604
9058
2718
524
4569
2297
3350
4169
5059
2222
24
7051
1409
8238
8395
6204
2756
713
6855
3656
5723
9905
1627
9943
7212
4249
1299
5350
3516
9212
2845
1477
5784
9229
9188
878
8782
2241
4381
8372
2263
9203
3286
8202
3416
3971
3120
519
5472
3944
5986
6072
2462
7145
3584
783
2258
3642
763
5069
3542
5122
3108
6313
6615
4150
1896
7241
3772
3389
1257
9770
837
6914
5543
8346
4510
9450
6135
1474
2370
1965
8853
9090
6558
6141
6457
1030
3162
8249
7167
5440
6620
3836
4528
3616
6789
8328
8722
1874
2675
6258
5619
2031
7407
3919
7761
4544
5639
52
9851
5086
7744
8136
845
4158
6773
9772
7719
169
3591
814
4097
8564
6944
791
7141
1505
1841
8438
4865
725
9834
741
6948
7467
675
3907
8840
8264
1205
6346
2955
2040
4434
6898
9157
5105
9719
4052
9441
9980
202
207
1182
9969
4834
3234
9582
1061
7926
5386
7975
7031
4338
3997
6254
6568
888
8715
8643
4068
244
2532
6925
822
5088
3954
6566
6271
9788
4387
3275
3252
697
3595
2733
5660
3429
8670
7536
5082
9074
6011
196
2877
6670
6785
8193
4731
2866
1212
7628
8298
3202
7672
4430
7636
3435
7063
5991
5403
7399
5382
1935
5398
1197
7191
2879
8385
3419
5545
3759
4390
1107
8650
6681
8775
6616
5961
2830
4214
9977
4551
3451
7198
5954
2567
5107
7957
293
1208
9354
8656
8562
8599
9952
632
2698
6687
1058
5775
7220
5331
2193
649
5923
9716
5739
6251
1398
4360
263
1067
6675
9268
581
1349
7718
674
4983
5595
391
6519
7642
2399
9004
582
7802
5690
4948
9785
4683
8421
2831
8167
8509
7590
1819
779
5919
4560
1021
7043
5453
4320
5411
6990
5523
5566
8758
5340
8239
5361
7933
6708
6374
2454
1008
8039
9937
4106
4885
6499
4876
894
7986
219
9408
2229
9800
7428
942
4966
5666
418
300
3609
2583
2897
1043
19
477
4454
7437
4679
6792
3985
680
2717
8134
7753
5261
7052
2410
350
8780
2551
6579
1047
8620
3948
1856
2201
7760
9106
5858
3756
4351
5465
239
4737
3346
7561
4085
1943
9778
9083
4591
8763
6500
76
4082
2482
9411
6547
1234
7769
8225
8210
8619
1766
468
1781
9288
7131
9534
2000
4932
5604
5861
5798
6438
7139
2148
7697
8718
9744
2199
9205
1238
7948
1797
8915
4442
3904
7919
2351
5074
6724
8230
4116
1421
706
5320
4663
3316
1540
6505
736
4373
8914
7185
3084
520
9660
3713
323
4842
2236
3757
4955
4183
5718
5454
8467
4961
5655
4913
8339
2519
7879
4269
3216
2167
3504
556
6195
7496
8306
5631
2354
7850
9909
2228
7587
2683
1858
5061
7675
2436
7929
9227
9440
9990
8789
9019
4978
1141
3232
969
5471
1027
7318
2584
6092
213
2942
1691
5855
461
4236
3942
4981
1990
1437
7332
2035
7754
273
1108
4328
4336
2605
7209
3478
5102
9079
1553
4154
558
3870
4358
8669
7461
8037
6921
3540
7902
984
131
2518
1364
2961
2859
2817
3273
5184
8020
785
9991
2284
3134
6541
3009
3485
6553
9928
1235
8456
7303
4754
6341
9396
6977
3448
8606
2663
4930
3646
8744
1672
9538
1199
2511
2134
3245
8180
7967
931
9999
3461
3381
3362
9863
1588
7519
158
6354
6604
6552
2603
421
1581
3121
1753
8538
7565
425
8391
2899
5821
7877
3079
4848
138
1795
8172
3528
4145
2590
516
3839
635
9051
6993
8645
9963
567
4783
1855
7918
9803
1461
8663
5276
9315
5321
6032
3747
716
5402
9316
2373
1085
7382
4992
3493
7073
912
5612
9640
2797
4776
5328
6054
415
4263
959
9469
2695
7526
949
1568
8096
2243
3527
5076
6223
488
4439
1893
3738
3806
2001
2439
2254
8048
2153
7489
5485
7816
8370
5007
665
6613
1859
2487
2781
5628
821
6529
7949
2336
5839
751
7991
9002
9470
9263
2670
7099
622
4066
1055
930
9237
4963
3914
6441
8246
8046
9908
5969
1631
5060
7086
7625
5327
3953
5423
5416
1337
8913
5027
4678
4219
1604
720
8742
1198
6779
1597
5484
7359
8710
3313
4453
3116
270
3456
3974
4483
7822
8376
573
72
4237
5260
4395
3802
3242
6370
7724
4935
3425
3115
7013
3973
6605
5693
9014
7445
6307
9094
3305
8010
8827
7990
6794
8504
7321
5434
8975
1391
4759
2247
4553
246
2455
2168
3848
1219
7124
3145
5391
3804
6446
4576
6896
3663
5551
6656
6649
6076
2599
170
3031
5054
8533
4265
503
8687
9080
859
7920
1216
6667
1401
9998
7238
7540
2281
5002
9683
6698
4392
5376
8535
9451
3961
3315
8212
4184
41
6290
7968
8899
1023
3583
590
5417
431
1945
81
9508
7598
7937
3156
6938
9604
6985
5624
9680
2812
1653
852
2104
6428
8757
8138
9257
7801
1356
7568
5214
3204
3143
624
4167
5570
1923
6864
8926
6401
3555
422
8401
2244
4496
8082
1025
3926
1775
8862
4970
9679
2073
98
9376
9596
9558
4523
4147
9989
6884
4987
6937
1700
6551
1449
1178
495
9249
7383
807
6243
8085
8007
3071
7098
2389
1664
3867
467
9934
2015
4054
6716
936
1459
5336
8647
1384
5263
6775
4590
6295
4719
8523
3885
2472
40
8152
6413
8115
9189
4554
6104
9731
1534
7358
9131
5116
8594
2157
9620
7695
2846
9232
1678
8389
711
401
8614
4179
8313
6268
5227
6181
6998
6235
4825
8957
9632
9858
2802
7969
9283
4258
4121
8114
4133
2633
5487
895
5990
2834
4401
6666
6537
8186
4507
6175
4833
7272
2516
5050
6899
7233
154
8570
3081
2100
527
6048
9003
8865
9711
6347
8469
6619
9210
1692
2568
5480
2086
2250
6683
3163
2993
7882
4350
7710
4090
3608
9789
7875
849
9621
103
3917
6373
9358
8556
6659
5221
7123
8642
4957
3004
7255
1166
8770
7263
5169
2957
5790
7731
5160
3723
4826
3159
8056
1956
7829
5656
5457
2238
6400
2657
5173
7199
988
7682
909
6790
7460
3860
7351
4139
1130
1121
3823
2990
6664
5316
5521
5224
3808
3285
916
8692
1133
4470
157
7147
1152
5514
1646
400
7473
9234
64
1713
7543
5052
5773
4011
8856
7363
9759
9485
1350
9698
1671
3574
5020
4317
5725
5908
4211
7630
7597
1676
4495
2452
7542
790
7872
9549
2467
8745
2469
4141
3368
3073
4640
5736
884
3551
6661
6924
4304
3573
7548
5228
612
8697
7082
6611
7972
4268
8572
9345
416
6907
7192
8419
3367
2491
1165
1434
1411
1392
242
5295
1804
5109
1090
1381
6984
9581
4245
4657
6833
6710
2314
8229
5776
9843
4979
5700
9325
3568
9830
2058
7899
4030
8296
5333
2162
2818
3728
8616
8070
4278
7842
2997
5291
2440
7618
1756
1989
8810
9828
4621
6555
5192
3842
4695
9837
2178
1415
2382
1191
3998
1406
6159
8754
9840
392
2973
9874
2082
12
3928
8949
7422
4926
6249
4079
9081
8
3861
3829
5232
6883
3064
9035
1536
5510
7765
2735
8750
6895
1200
5684
5362
9265
1976
1394
8166
3620
5828
7571
9400
5271
4399
1068
9478
7210
7736
3874
2459
4757
6476
5722
6606
5040
4778
566
9496
1624
660
3467
1297
8793
4618
4610
4712
9498
8501
3552
5992
3512
9810
9484
4321
4993
5207
56
1508
4972
2751
3044
2483
4604
5707
8809
4999
3251
5156
7720
5518
6860
8955
6781
5813
8214
34
8006
2891
7843
8612
3127
8633
7603
1525
653
4308
5632
2521
985
4191
9113
9573
8746
9996
7334
7570
8519
618
2145
1284
8648
3272
8014
2023
5029
9650
1681
1336
8405
7189
7649
989
5435
9945
9088
1470
7846
9312
6390
8707
3952
8849
7413
1140
8907
3030
3566
6559
5818
7152
2696
163
6809
4188
3233
7432
9290
9351
7566
614
7657
7511
8322
2330
2600
453
5802
8331
7737
2398
1329
5180
2260
3559
5932
16
4253
3041
934
4897
8762
2303
7389
7858
7408
5742
3239
696
8023
320
2564
8288
3306
4457
7104
423
6672
5186
3299
5351
7869
6742
9107
7092
7722
5237
6131
5770
1951
3840
1074
1019
7985
7390
8077
3153
1808
5702
9623
576
382
7633
4812
4365
1252
9140
1105
2144
2862
3735
7346
414
3763
4488
6783
8452
4864
7463
4772
5178
2342
2807
4234
9624
5337
6693
661
5079
5001
4241
1423
4875
8575
2124
2575
6828
2485
1561
9812
5911
9553
1912
6827
3592
9762
6601
5607
532
3498
2181
7228
9546
9681
4575
1424
9961
4264
1479
7499
6018
3803
8332
4403
2385
3302
9499
25
7133
3328
6105
4984
509
6213
600
7958
1138
7795
3061
183
5498
6099
1056
1705
5692
863
9838
7911
2062
148
5266
1929
6643
8660
3377
9591
1643
3777
7777
9665
1734
3067
6844
1584
251
9238
6396
7524
2386
1345
3714
4953
1033
3653
5144
120
5963
5791
9570
4333
7629
3851
2279
4526
6786
6722
8720
9960
4480
413
9666
2822
7274
698
1606
5854
4739
4585
2854
4916
9805
9774
4279
2749
7214
1441
9567
8969
9972
3889
1241
8158
2620
6873
469
8151
4907
5080
1060
2249
8495
874
9784
3760
767
15
1632
9291
4802
9167
7144
3158
1571
5549
5904
4902
8041
5129
9612
3045
287
9199
3934
9842
5399
9380
6362
7550
9331
304
2177
5517
7069
5638
941
3019
191
7884
6038
3383
5469
637
1098
490
9745
2656
1906
5419
6831
5783
7242
9530
8271
9424
9739
1828
4882
5132
2617
3556
8258
2754
2245
1891
1154
7544
7541
9707
3374
2493
979
3589
5924
7277
6923
7751
2932
6255
9602
7956
8995
5797
5643
5615
5332
1497
7848
3428
4626
5159
5461
4146
3612
5931
902
5130
4436
2054
4359
9392
5740
2327
1093
7537
2770
2507
9307
6357
483
2636
3129
1623
8851
1979
1936
7959
4873
3324
4666
7953
2989
2995
4891
686
4326
2225
6571
5637
9587
8301
9204
2424
5274
2365
209
3799
1850
3771
8494
5346
5138
6021
6875
3967
292
3876
9044
9104
7305
1736
9372
8908
692
3065
1621
8831
6820
2158
980
2155
9023
8527
7170
6326
2639
3494
1175
4786
6777
5568
8700
9962
3466
9642
2940
366
6440
2190
1465
6588
1566
9344
3442
7087
5375
7387
7532
7789
5135
5774
8142
406
3176
8003
223
2760
1884
4037
7397
8453
3858
7150
1183
7477
2125
5544
2900
9425
2977
9271
5892
5092
132
6122
883
5903
8110
5712
1663
9256
7005
7798
858
9133
2904
2265
8773
1032
1202
6574
6880
864
61
2692
2832
7938
3182
8118
4228
8685
3135
1911
6158
9446
6502
3637
8197
7110
4797
4572
6454
1909
5175
4259
1041
8233
9847
7782
2987
8022
4646
9794
5708
8626
2853
4023
174
2766
5106
4862
7058
8982
5148
7088
5527
4274
4702
5298
8702
8308
7155
9535
1330
5426
1622
5771
4819
9608
3881
4075
6430
9914
5505
7993
7774
7462
9541
3868
210
4867
2038
3873
947
2712
6758
2962
5881
1768
6206
3398
1230
9605
4485
1145
4421
1607
1521
3983
3632
2537
2937
1087
5501
9266
748
2538
6244
8549
8990
345
4478
9865
9709
9462
9043
4349
4603
3189
5212
8019
7055
3778
9964
1157
88
7945
4028
5028
6960
5796
4427
9458
7254
981
3822
5815
7036
2994
8724
2187
7826
1321
9975
385
8752
6371
7010
8181
5210
4215
6734
484
2021
4806
9430
7878
8091
7624
9259
1279
7307
3157
5056
2685
9523
584
5706
6088
1582
7528
7357
258
4808
7978
8203
561
5792
3681
3950
2953
6166
8634
9239
1881
8532
1211
6399
8049
8129
3312
9467
1639
974
7806
5385
6328
97
1146
5874
8221
1469
5372
8393
6918
1661
140
2789
762
4669
1206
1707
8176
8068
2582
5250
2264
8798
6738
1483
3622
229
3748
3827
7193
6419
2985
8482
7638
9507
9308
2910
3154
4619
4830
5979
7003
2660
6591
6586
2010
7287
6590
3488
1839
1334
5871
2815
7094
8875
8447
6528
9932
6862
9091
3171
2473
4001
3687
9898
1667
225
9039
7154
1446
1347
9320
3047
5357
4747
3400
91
8946
4257
8294
5083
4774
6478
9959
1968
6956
1433
746
6081
1180
5126
5759
4635
6641
121
2256
8876
1952
7576
4124
9437
2505
4936
9297
4061
4408
8327
4230
4422
1160
4107
5481
4901
513
4701
8621
1246
1220
2680
4711
4189
8555
4552
3348
6751
2080
5025
8358
8659
6759
4377
327
4281
7847
5724
5194
9117
1710
7102
7
3206
5977
5358
8932
8901
8278
9717
9362
4091
2896
9305
173
999
1834
9885
6455
2880
4356
9942
975
4918
8458
7604
7347
4501
4515
6797
208
752
311
7342
3782
303
8657
3322
5576
4113
4114
9682
2197
8084
8373
6957
8769
3138
7282
2072
8250
2242
3706
6003
6901
4164
6933
5424
7914
1125
2378
688
4109
5799
50
8284
8499
2610
6644
8021
750
6969
538
6852
1510
2434
3403
7136
7356
1386
8468
1370
8424
6900
3423
3089
119
1432
3729
5862
7060
8965
5190
9125
2196
9489
4101
8012
2302
4586
2282
4450
4856
3178
3758
9543
6098
5094
603
2064
4394
4396
79
6408
7296
8795
3106
766
6941
3897
3395
1996
6472
9028
4687
811
9929
4662
7699
6451
2944
636
7449
6156
4559
7168
5244
4413
1614
4372
8655
8347
9736
4438
4177
7278
100
6808
911
134
7280
4248
1999
8610
7944
6621
8573
2768
4692
5884
1022
1950
3717
9808
2544
2007
149
1988
6124
6910
8735
9787
541
67
7072
6701
8693
1733
6653
7017
1454
6930
8836
1231
4379
2640
1498
4606
3560
8938
6245
197
9817
6824
7674
5299
5431
3537
5913
5445
5114
8534
5323
9267
9622
7803
3702
7253
6806
4380
1359
2227
7680
6005
9260
2643
2240
1447
1444
1324
7451
476
5044
2024
2288
5830
8631
7531
8343
518
9510
7061
5279
9518
2120
5483
6514
7237
876
7589
943
3981
4844
7262
7412
2042
2921
833
5888
1486
2186
7260
8245
8623
771
4425
8767
4471
2676
3457
2906
7319
6219
3057
9302
9085
9456
7409
6694
8996
1382
1472
2319
9503
3040
7019
8627
271
1567
724
1879
8422
8947
4555
5905
3768
2404
5809
8275
1609
7203
7350
3580
7518
5737
1885
80
2422
3776
6342
4574
627
6822
4855
924
962
9616
3588
9317
9542
4006
6161
4000
5103
4732
3169
2628
9318
9732
3022
2705
6688
3378
5971
6625
1083
540
3422
3455
1517
7498
4706
1837
6609
286
6629
546
9120
9121
5507
8983
1054
1255
8443
7406
8440
4894
8375
801
1973
5200
1111
5758
4956
5682
8777
6308
7686
9575
2008
8976
3895
6589
6802
1204
3430
2173
926
6534
3133
3190
5181
1927
1739
8546
7845
2981
663
8382
6673
5008
4065
2700
2586
8029
7515
2272
6557
9149
6635
829
8823
2312
9691
3525
2502
7733
6296
879
6448
8860
5219
8293
7039
1122
7913
6848
6039
9514
4056
2496
8779
7181
4041
3508
6211
9414
9771
4388
7375
5490
6397
3015
410
3841
722
426
1538
3248
7271
1822
3278
6520
7831
4417
3187
9040
1442
5601
8607
5387
9151
6747
8885
1814
2916
9022
8187
2142
3094
937
9576
8829
5649
8420
4050
1550
7556
1355
6200
8826
4546
8652
8400
368
9037
4959
7767
7053
7109
1378
3532
2847
5552
6580
4630
4086
6405
8106
6009
4846
7941
2009
5262
6402
9001
2623
9213
6727
7841
3906
7582
3594
4795
8788
6919
6358
224
6060
5901
7771
4232
9884
5579
7299
9361
5598
2787
6964
6530
5836
996
8817
222
7569
7900
2278
9915
6427
2632
9426
20
6050
4782
3523
7757
5652
9366
8748
9551
2535
8884
9829
5703
9693
6836
8413
8270
1861
9223
9511
2109
218
6234
1527
2248
6045
7868
4615
8591
7401
3207
1149
6343
8559
2648
7552
886
3142
2079
1894
2292
2964
1422
6299
8526
7042
8066
4389
9128
9124
5455
7195
3854
539
7276
955
4071
4617
9379
4994
8736
4297
2803
4758
1428
5808
7578
2625
2486
7857
3427
4743
9468
2816
3626
6592
2020
2003
1224
9506
1899
3765
8592
9284
7494
4534
4641
8679
7716
5730
3269
2851
1925
5616
507
9657
5578
8941
9375
775
7393
3339
2333
8266
769
5695
3960
9278
2359
9242
944
10
2709
586
3003
4821
2980
9328
3711
5983
3424
3925
9250
9481
9906
8397
652
9724
7394
101
7045
92
6167
4206
2976
8726
552
1086
9033
8156
367
808
2353
4690
9742
1040
3736
6945
389
9513
9673
7113
2154
5738
2231
9363
5509
6485
9152
6488
114
2761
8133
3697
8285
9638
7163
1811
8886
7326
9048
7687
8578
5365
5096
4746
2793
7529
1484
3114
6418
7439
4444
9101
6252
9327
1239
8553
7420
9495
9412
6782
1135
8600
3767
6994
3700
3730
7749
2697
4906
4781
9793
8417
1984
6695
4102
3160
7999
305
3210
5032
9134
4660
6986
7709
1311
2156
2819
1920
9635
3318
8522
5344
3610
6750
2230
5863
693
9631
6118
7909
7411
1651
4909
9142
7028
6066
8579
2261
7068
1698
8047
6145
3666
1229
2049
788
7324
8404
2652
8449
2403
8870
9773
7593
9270
3838
1316
2334
2300
2171
5334
4324
4088
4583
1860
7821
699
8824
7268
4703
7419
7067
1836
3390
5030
625
9815
8923
1792
9365
6331
2087
4431
3016
8845
1300
5100
8690
386
3538
2593
2901
718
7976
8895
8379
316
2450
668
4015
7840
7655
827
4965
7713
8524
593
2813
9819
8586
906
6474
4789
4796
3344
4868
363
5580
8950
9997
5381
8696
2405
6699
9692
8052
6718
5010
3463
9902
4985
7466
3000
4409
8207
8279
5347
550
2375
7453
4441
5581
8410
9703
3562
4533
7887
5401
4364
797
6086
8356
9949
7059
3194
352
7126
429
7391
9076
8038
3056
9254
715
8190
5767
7584
2963
9592
5128
4752
953
5998
787
6170
457
9641
6469
3809
7786
3131
4726
9127
2514
3521
6014
1744
7646
6143
9021
8428
54
6793
511
6193
970
2091
2713
1455
8902
4915
5550
5814
6970
8135
3880
5869
1647
4412
6107
5852
3023
2070
3634
9024
3218
611
4059
7194
3530
6573
2662
998
770
3781
6465
4841
3669
1942
2137
734
3630
272
2966
4664
105
5823
7910
7689
1994
1489
5590
7444
731
399
1253
2289
6165
570
3614
6114
4047
4148
3112
146
8183
9442
4064
2836
4290
9329
2898
8367
7725
1926
8487
8951
8302
259
7009
5143
8825
644
4013
8569
578
8999
5583
3123
7041
9306
1791
1748
1184
10000
1070
3524
1153
2941
4748
2449
9323
4911
9881
6057
7076
3008
5586
2045
7322
32
9244
7100
5438
6015
4790
1038
2114
3290
4561
6435
6959
995
4341
8689
7905
4280
151
1042
5711
9779
6583
1343
8344
1615
8723
6522
5938
6080
8459
6894
6378
9869
9282
3818
8671
3148
1492
8508
7243
2524
2965
993
5400
5395
1193
8148
8312
6163
3938
7294
2882
8787
5567
7402
2423
4386
9725
6201
8674
4014
6027
2748
3654
2529
812
2477
6071
9643
2052
8974
7785
8576
7240
6422
8558
5937
9429
7270
3331
5626
4498
446
976
4637
499
1301
9854
1618
4616
2522
390
1464
3703
4871
1732
3785
8130
8529
8732
9114
8137
9422
3685
6996
4899
1332
8448
8213
5046
855
5574
6055
7414
2905
296
4976
9156
7035
6214
8388
6169
7747
3244
9025
1932
5158
4493
2210
3846
3647
9013
1578
7594
4119
9370
7538
9492
1082
9487
4352
9099
3230
306
349
2508
4284
4029
1731
6926
4904
6934
8934
7403
3909
4469
2839
3420
8680
1288
5198
1953
2456
1172
9371
1226
5043
8045
3629
8881
1494
47
1592
3483
8093
3046
5349
93
9799
8336
5654
4287
3097
8465
96
690
5535
8341
3105
3519
8321
5561
6416
8844
1974
8116
1377
5479
9651
1403
8632
667
8267
7883
4462
2488
2638
9449
542
5898
2604
4131
7015
1522
553
4137
7269
7762
4788
7558
4185
851
6539
9824
8617
9790
7075
8511
6051
4887
7545
6368
1139
7345
8232
1396
5065
4404
6765
3872
7880
1878
4573
4988
6339
9418
1203
2888
2464
6995
650
4345
1547
6113
8067
1007
1548
5556
9251
1897
3125
5016
7171
9008
8550
4592
4036
252
7083
657
9537
3563
3072
5152
5928
1583
9704
7811
6196
5432
8574
7855
6680
818
3773
1375
4138
3996
8065
1376
8843
1531
1227
2913
6352
478
8132
3274
9357
1207
4002
7535
3968
8466
4325
8078
8429
6389
5420
7040
3150
2622
2569
927
8589
4477
1955
754
1995
30
4057
4960
3549
7992
7438
7651
1918
7533
7121
1815
2433
2402
5848
1053
3507
3899
5633
6746
2552
1228
508
6471
5101
1533
3740
4198
7912
221
1275
5665
1115
6030
6240
3643
4952
9321
2466
7572
2393
6197
5941
5735
4598
9993
658
2387
1934
2759
2437
1065
4700
4587
3235
4473
4008
3780
4853
1745
9676
5557
7184
1746
6540
4835
3704
8506
4004
8784
8727
6351
2037
6871
737
9355
2165
6668
1179
3749
5617
4950
869
7564
7715
5650
5430
6207
2708
9890
3915
6004
2738
9382
9600
8948
2978
279
2931
2563
4217
9313
5506
2203
3845
4273
9431
8054
935
9512
9388
8781
5280
9887
6264
514
6061
5142
4362
5575
9554
1846
5691
2555
7778
5449
1868
4541
6527
3140
8124
7712
3413
3033
7783
4872
2788
5840
3598
8898
4814
4034
7586
6067
8090
9319
3921
2513
4426
6526
4464
1845
1824
5640
3746
597
2701
2237
4639
9617
965
7404
2340
5589
592
7940
5678
4753
7671
5188
9913
7476
2362
8125
2102
7745
1410
7037
8165
5887
2267
8503
810
4689
4095
9293
18
9208
7455
6177
8520
2346
4125
8799
8383
7734
6266
1613
442
2570
2691
8986
1249
3624
4484
2184
8262
168
1778
1397
2871
3038
4791
7500
3111
8704
946
3024
8525
8340
371
8211
3930
3479
7634
4260
2895
9572
7175
9052
9490
7125
301
9658
136
2097
7265
2826
9728
7906
4704
1708
6636
3791
1271
4881
4562
5313
9390
1703
5170
2061
3477
454
9394
3667
2094
2838
4593
2296
4508
3102
5245
8083
8317
2920
9206
247
9393
6854
755
5749
8444
125
1727
9833
8740
4178
9118
832
1718
6075
2503
282
3849
5104
8051
9684
9444
1930
455
7370
465
9695
6796
7365
1992
3184
7714
9459
8552
6980
899
7928
4347
2198
2647
4094
8654
1487
3578
9217
3462
3298
826
6046
6353
9046
2494
1341
5164
8997
4300
3831
450
1830
5348
9294
5644
261
9654
8728
6853
6100
3575
4038
817
2051
3385
6381
3228
3179
917
2014
3882
8040
3920
3970
3543
580
8900
9373
4435
676
1016
1467
1028
1605
5671
2044
6119
1371
2065
3226
7773
1796
6393
7610
8929
8471
7091
2792
9763
8651
4127
7521
3826
5929
28
8867
2677
2531
4026
1783
9247
8905
4123
8597
7229
813
7514
702
1889
3891
4277
5623
3353
7501
7047
774
4155
3432
1940
8231
8551
3172
3475
6761
5222
5679
7592
2409
4025
6677
2401
4087
2935
9404
9071
8816
9895
6111
9185
1673
708
1656
6323
8695
7881
5843
1194
11
4062
2550
3101
2453
8837
7186
7304
1556
2703
9611
3110
5686
3386
2585
7865
3250
344
1142
4820
5988
9386
8427
6804
4910
3402
8917
4815
4780
2925
1574
1261
7554
9126
1452
5078
2722
9850
8359
5782
7309
7166
4908
1939
1174
1898
6876
9633
3357
6554
3820
4051
8338
5846
7302
2887
2711
1617
4734
7862
4898
9053
7692
4209
5709
4159
7020
6020
4055
5780
6932
923
1608
4323
3994
9970
26
9093
4272
7546
9026
2943
9804
2029
9335
7286
6168
4537
3801
4368
3365
2852
4314
3412
4949
83
4954
7849
1315
6398
2658
5701
4729
3635
7315
6467
4337
7739
4912
9463
8604
2884
2018
6565
4384
8846
3002
5877
2277
8961
5277
1162
2497
275
1545
3712
2096
6445
7497
8414
9466
3199
5359
7284
5750
504
7823
4466
4367
3716
7983
2893
5721
4419
5917
3517
5392
3217
3249
1361
6291
2595
2746
6515
5415
86
8425
1645
7932
3355
7161
2117
6450
9585
2611
6036
7301
3661
9862
8174
4697
1900
1217
9637
6103
6598
8764
4343
7002
9176
2615
8476
7361
5669
1668
2478
6600
4190
1880
226
8387
7244
166
4608
3657
2299
1507
9935
4917
6859
74
3533
5124
9867
5895
4944
5875
1838
2444
1782
7659
1752
1326
868
4073
8303
6217
9497
5062
5418
1280
6257
4060
7609
4540
1849
1440
537
704
8292
3731
4723
4715
647
5522
7717
7952
8478
7894
3447
332
6700
7539
2066
554
4550
8319
4529
548
2276
9395
2164
5591
6780
2377
8774
9214
4642
470
4870
7743
9438
2786
3012
9690
7961
6355
6449
2783
264
14
1712
8921
7225
2730
4443
1062
5646
1961
5110
4076
512
4489
669
6012
8060
7207
3342
6277
230
2130
1292
6562
3404
3509
6732
4777
3088
9809
6847
7988
2726
5546
9713
9846
7863
1573
6310
4832
7788
8804
8107
9875
9802
666
9194
5446
2641
1799
6093
4677
397
4067
5166
2548
5456
8993
5281
1882
5885
7464
6226
5251
5202
2589
5793
3063
9694
599
1543
4194
1634
497
6349
5605
5811
3565
5018
9983
2273
5925
7130
534
9532
4787
6501
862
7400
7204
8206
8283
6008
9555
9663
1126
2559
3336
4556
1245
5900
2400
6703
3830
5940
7781
5849
2889
6332
6829
1570
1917
945
4686
2239
8565
2609
3392
6696
579
441
6183
7081
6922
6939
9368
5856
882
3484
5757
3949
7436
5171
3307
6951
2750
2458
6013
900
5899
253
3220
4869
6316
7728
2520
3764
3680
7750
2089
8191
7755
5209
6545
8790
1307
4288
4129
9722
4414
1888
5011
1677
2338
9504
9540
438
3208
6841
7018
4460
1304
177
1853
3514
9356
201
1071
6691
8734
3293
5994
8605
9491
6205
7247
8362
6936
1072
8796
8256
7395
471
1425
9486
8218
4724
1225
5370
1169
5373
6640
4736
4628
1076
1499
7454
8198
2150
7298
9758
3360
8962
492
6655
3892
408
1368
4622
3080
9564
7259
2384
568
3922
4233
7820
3866
6581
2179
312
6741
3871
610
13
9160
2778
6380
4069
3130
184
4504
8199
7441
9756
5500
2572
7668
5781
5150
185
2959
3409
3380
7979
2979
2565
6897
7011
7606
3460
9560
3636
5597
7784
7644
4945
2602
3710
8489
1515
8398
6508
2833
8314
4063
7433
1620
3308
2857
2999
9084
1402
8683
9879
8357
3625
1066
3170
9419
8909
6162
3986
5248
5134
7742
2417
7810
2358
4768
9072
726
5019
3077
2257
124
4977
6041
5645
2747
7138
1565
3579
7824
9139
4709
5467
9279
4645
2
8157
351
2128
4584
2810
6713
2216
5565
5421
5304
4811
3900
7619
9723
9135
5364
5727
4714
966
2856
9423
2307
3267
804
3511
1277
9287
633
5596
2286
5801
5531
6480
1532
2506
5872
4673
6247
8224
3166
2616
325
8636
6637
6130
6302
4625
4261
4312
6300
2527
6309
448
4077
3246
9516
8402
4475
6187
664
4174
9231
5719
1743
8590
1439
7273
9583
735
887
8649
7337
3337
4339
4172
4193
5635
3060
7410
8838
7763
2671
6807
7683
9359
8235
3458
9236
8854
7491
3762
5947
2929
9378
6506
5822
4201
544
5003
9699
8797
9595
4448
5982
9807
6546
5920
435
8415
5699
6991
6631
1322
463
5541
5439
5731
7443
172
8360
6318
3453
5664
8891
3865
3369
7482
7062
4486
7423
9852
322
3276
36
5239
9584
7935
8737
4654
8265
6178
4750
3984
181
2804
4128
278
1352
2361
2345
65
5599
8364
8320
9406
1052
364
6230
7804
4112
7308
4536
9973
4405
6388
2684
1959
8094
643
8868
7134
830
1654
5352
6017
4651
4385
1637
7289
1131
5112
1468
9409
5024
1960
1412
4741
9911
2710
7180
1910
9953
7285
3092
5820
1557
7311
701
3929
8325
8024
7000
7512
3939
6826
6460
7475
7966
1282
1471
8095
6028
5355
4656
7219
4557
2262
5659
7348
1289
9593
3903
4566
6112
1262
3297
5363
5748
2161
5629
915
5330
8140
3095
3597
6603
3923
1075
9457
8571
9864
7595
3720
8699
2391
3844
8351
7232
1922
5746
2991
4016
9519
8316
8146
3347
8906
7157
6262
4340
7469
1344
7583
5223
9712
1831
4857
2716
7627
9186
3304
6582
9055
5564
2542
4216
6188
427
7148
9415
8170
1821
8216
2986
7197
5425
4361
3200
159
8361
6787
1039
9876
9413
8584
679
2418
451
7667
1012
4143
9224
9986
8123
6735
6044
6366
6184
6799
262
289
8291
7122
6049
9122
2731
4103
795
5687
2480
842
3225
6823
835
8201
359
1243
2149
4318
6940
5048
6745
7027
3975
5985
531
5515
7377
1236
9859
9092
3254
3655
1666
9568
8939
188
4843
9855
5584
5788
9868
8287
2578
329
6026
8042
9656
7340
6437
4108
1473
5950
5058
3628
9202
8092
7923
3136
187
1259
1358
9571
5070
1185
5462
5205
6754
9880
4854
6954
5057
3287
249
1852
613
8937
5428
7943
3619
4239
9311
6973
9594
2693
3787
1851
7834
5165
1723
5896
2132
3436
5728
357
1840
3361
3011
6776
5296
1414
9816
2033
6172
496
8866
255
3569
3289
6312
2139
9995
825
1496
449
3945
4315
3264
6674
7004
3223
1972
6479
430
4661
8596
2268
7034
9062
1493
8528
356
3415
6421
6157
6978
3754
4255
7758
4134
1196
4861
5563
4058
7656
3651
4371
3554
7931
2809
8665
443
986
8814
3734
1785
1544
6490
1319
8035
6085
3529
164
4878
9557
9034
44
4545
4418
248
6303
43
2558
6905
337
760
2088
3924
3688
8184
328
376
6892
3495
861
2076
2646
1004
7325
9132
1701
744
1777
9399
9314
2634
9871
9768
4161
1546
7922
7252
9536
6053
8120
7300
53
2367
9020
1600
198
6106
6283
8162
9938
8518
3320
6981
342
3303
1274
3796
5408
6538
7316
8688
6955
8505
3648
896
9545
3433
8260
3219
3940
8759
8032
4319
373
6843
1119
3696
5145
9636
4081
7128
3978
108
9878
5995
9012
7964
2063
2823
6814
4698
1580
2627
2412
1798
1453
5634
9883
3966
3317
2902
8016
6947
7516
2428
982
6576
2664
753
9193
4531
4019
555
8608
1628
1763
8074
5396
2420
7908
6333
2934
8403
3853
1699
1772
3240
6999
4760
4761
4607
3213
8859
9776
6988
2679
1593
9706
1915
9479
3852
8349
2562
297
1740
6736
3522
978
7599
7917
7614
9397
5520
144
8175
6047
6372
5055
9700
8236
1913
6846
9269
1248
5406
1688
2461
8751
8481
9701
7107
8582
5537
9443
1101
3426
9743
6556
619
9923
3497
9207
714
5247
8666
9183
3793
8510
2460
1662
4969
3769
7772
9146
4827
7032
9154
9303
3896
7764
9841
6447
6306
5174
2814
5933
5965
4162
3674
756
1722
1650
7615
257
7740
2318
9688
806
7054
3744
6928
6795
7925
2127
3007
6872
5622
501
1554
1758
6791
8910
1721
623
776
719
4227
5882
3990
1938
4516
1610
7525
3155
6137
4153
1937
1714
5136
1719
8971
8297
3333
3500
5185
3600
6024
515
2446
2954
3473
1104
394
1240
8987
3832
4764
6434
161
3893
2533
919
8445
7465
9644
3211
7174
5922
7431
1633
2892
5034
9653
7711
4681
9436
5157
48
8185
8112
4707
3890
6222
5677
2211
8878
6319
5503
4186
6770
5230
4785
4447
2618
2298
2447
6232
5611
2355
9483
147
4765
6690
7792
682
983
4024
6762
45
1680
9178
8927
3321
1127
4920
7101
8108
2489
3335
2909
1293
1750
6639
5812
7458
479
7421
4175
2776
9262
7115
3343
694
7688
6459
3181
459
8848
6726
6497
2280
3621
9818
1812
9813
5532
7895
7828
9618
7360
9391
9201
433
9857
6432
7555
6468
3901
2111
2194
7573
6002
6812
3721
7853
5663
3370
1729
1638
7839
1802
3991
6893
1342
5955
5300
6982
5389
1485
8069
7892
3745
8433
9686
2755
4773
8639
9844
7579
3191
5831
9360
2674
107
2546
2026
620
6719
2085
1924
9505
347
2840
6946
9277
2881
3196
5021
3582
4355
6832
2885
1346
5627
4971
6585
3255
7424
8342
8879
1445
4130
7904
9102
4393
867
7470
7981
7156
1094
5594
5378
8887
2221
4925
8345
4629
3198
1296
5907
8945
2421
3055
7520
4353
3558
3474
6624
8944
5716
6516
3052
957
62
9011
3962
1535
4567
9158
7239
2202
2848
7418
3309
2721
2143
5360
5288
9130
6059
8581
4331
4465
3977
5322
8390
4035
162
3100
396
9795
6142
9286
3606
7732
5981
1877
8164
5838
8326
4250
6052
3743
8247
1389
3593
3671
9445
3066
6749
2669
1946
9529
530
1751
9678
3454
4039
6125
6712
7951
8104
2619
7261
3947
6236
8335
7982
8009
765
2938
2012
684
6031
4117
2517
6070
7103
2574
7613
38
283
4580
761
3294
9845
2465
333
8161
193
2842
1603
8001
7385
5012
3117
9764
8968
220
9916
9050
5004
4229
5860
7888
528
387
2950
7205
412
1333
3152
2036
5022
8978
3260
3927
456
2411
1272
3144
4070
4658
3673
5087
3165
2041
2945
8272
5717
8416
4192
2172
7513
9098
9927
4738
8169
2232
7818
9597
8371
5866
2043
5865
6426
7954
2512
3545
1594
8959
560
231
9870
5283
5084
2002
1089
5477
9992
6818
4942
5603
9164
8121
8717
5306
6064
1694
4851
129
7474
9410
8348
695
4222
3548
1501
7368
9192
2837
4602
6657
9527
3238
4397
4207
5734
5970
7495
5912
8353
417
3069
2588
3028
8874
4445
369
5499
3407
8972
1091
4432
343
326
5241
4803
4327
4007
235
4937
6164
1964
5492
8894
5741
9751
5832
4309
9912
1305
5989
6337
3270
4492
5460
9626
4792
8333
7200
5893
4003
3384
2841
1158
639
6192
672
3936
7250
1724
8924
7813
1103
6377
2974
9609
3916
9677
2825
2758
9272
7106
6739
39
4415
9955
9979
4751
1551
733
6442
4716
9402
7188
447
873
9233
7596
9073
1518
4348
1450
9187
4943
4506
3964
8119
5051
4044
49
7143
58
6133
2431
9049
6227
1998
1431
1886
9814
9045
8629
4520
6748
6648
764
8263
8998
3397
8131
4165
3627
7231
6360
7916
5486
3607
1738
5312
5437
3480
6638
7119
8681
5729
2426
8916
7314
6267
5816
4919
266
73
2952
1572
6078
5653
8310
5217
1767
5949
7870
5468
6645
6784
99
8300
7620
2443
5841
4181
2413
793
5409
8311
2631
8242
8677
9918
9230
2927
6595
7807
1586
7135
3096
712
3611
2251
3354
9215
1997
5766
8064
8602
7090
6417
9500
5857
8850
8892
9110
6572
2571
6412
1366
152
7530
4684
1426
8712
1029
8911
338
7503
3633
9985
6336
3231
5303
2379
6771
3931
8989
7187
6146
5037
237
3683
75
1031
6877
3707
5618
4874
5047
8981
8257
3572
4256
8255
5918
1113
8305
2968
7766
9715
9038
1577
2828
956
8304
8587
9109
4197
6010
3205
961
9675
3815
294
6174
9782
3243
280
2103
7776
2490
1833
4089
607
2048
8871
6269
7398
5975
3878
9839
6033
8778
3816
7663
7681
3124
6543
6904
7652
1314
3742
1980
1648
8833
1264
2796
1000
452
4740
7046
2951
7502
659
7427
2430
8194
9153
5287
9615
6101
6152
1784
8516
254
816
8033
2445
6382
8103
1317
8595
6617
8952
617
5833
2827
6870
8139
8713
3006
5278
7173
398
1779
1665
6320
2317
9009
4423
7283
8847
6108
2689
3837
1265
8794
5268
3515
3788
6280
204
3126
7876
7690
6406
7662
2607
9030
4049
8537
1014
9082
9166
6768
1331
3469
4210
5980
1883
1504
3956
8521
6134
9578
583
1420
2509
2665
1686
2547
4099
319
1404
2637
848
9246
2323
1982
9738
9174
2176
2056
4118
8768
1629
577
9634
6073
7607
654
9195
9619
378
8805
6087
5710
3295
6850
9198
8098
4463
9346
2123
3505
7085
4680
4115
5412
1287
8374
6392
3141
502
6246
5141
8384
1552
3405
5294
7815
3262
9767
7658
6523
2360
60
3282
7221
4313
2725
6216
9900
5208
5091
2287
5675
1250
7705
6772
5196
6869
5111
2347
4298
4691
870
1291
5806
6019
9755
4838
4226
377
9520
3553
5063
683
7089
2352
6584
1869
1679
4391
8585
9899
728
4655
3682
7790
5915
8240
7726
6575
310
7553
1005
1354
9143
7703
464
6109
6834
2121
3581
5910
3013
4623
4522
2381
57
1800
6229
1186
1941
648
6250
6544
3739
2348
3979
5956
5610
8269
3356
4416
8675
9966
2855
7178
8498
8628
5125
3209
7471
9903
6275
4505
5613
8276
5946
9988
1931
2844
3070
203
3366
8223
3544
5388
2329
1011
9978
1163
6931
6483
5996
7084
9309
3644
3122
7602
4858
8741
3724
2667
2728
8513
853
5926
3969
3833
4021
4817
685
6496
9494
4282
6289
233
4767
2259
9965
6350
315
1448
1986
2427
3174
6006
5290
8644
6173
2115
4564
2549
9384
9112
2174
1595
9797
8018
9435
9659
8330
4120
4990
9299
4
7794
9144
5837
6148
2612
4548
7381
8772
5786
1919
5829
5139
3638
2116
5529
5756
7297
8544
7211
1363
5772
7577
308
6725
4850
485
8601
6607
9480
7317
4924
6117
8472
8940
9685
2734
9783
1575
7481
9958
6338
6433
5958
8753
4420
1555
2368
4332
7159
2309
9925
7030
1741
8658
6324
4009
9334
9646
5289
3283
1313
1325
8928
3585
9304
5945
205
8984
5318
2967
4301
9832
6102
2071
8889
1013
1109
8462
880
5407
6286
9502
2372
3185
739
6774
4511
4962
7388
9746
5571
3203
805
5475
5307
2850
3672
2806
952
2274
8609
2060
1512
8412
9901
6752
9018
3800
1591
8062
2592
9670
4563
2457
1267
106
9036
5077
9730
8259
1599
7874
5006
1099
2160
5976
9010
2858
8672
9957
9687
3946
7797
6149
4922
1914
7980
6218
1308
8756
4433
7835
2930
5935
891
6094
4549
6395
9089
506
4303
1864
5851
824
142
2936
2396
2534
6491
3617
5235
700
6147
9976
7249
6979
5369
2223
6561
4931
2468
5553
3257
5189
973
4543
6720
2614
8682
1807
8381
4289
2773
9420
8280
5953
7007
6084
8163
730
2666
3665
9343
1237
1407
6238
6858
3699
4829
2332
6384
5379
2782
7549
1233
370
671
4182
7616
7700
3623
4749
2843
9922
8703
3489
8861
8954
6569
9647
3603
46
4519
8567
5817
7575
6415
1693
4653
3087
2270
6521
2069
1717
533
7312
8502
9300
7819
758
4497
4735
4745
6034
9811
9649
8991
1481
6325
8967
2753
5356
6971
5383
3570
3586
6298
9836
2074
175
4144
3301
7201
8515
5384
3503
1642
7903
9461
2939
5754
8852
3817
3010
2745
8431
6504
799
6711
9000
8766
1080
1670
5151
1247
9465
2495
411
9398
3076
656
2320
6889
5667
4490
2269
2017
1862
9226
4171
5927
1790
4896
5390
8111
7080
7396
6082
2215
3323
7208
4688
743
1063
9347
4176
8480
3658
9245
7114
7889
2390
4196
5936
6929
526
214
5681
1657
2311
839
2915
5880
8392
6363
6376
217
7140
7507
2867
4839
458
3652
971
6525
2869
6043
5672
1558
9170
9501
4500
215
6707
2324
6916
8081
889
5147
8985
6327
8407
1476
3913
9240
7416
8641
8153
9750
8178
2720
7484
3472
482
3408
6728
1137
885
4487
8430
5482
281
8931
1339
6443
7127
8219
2107
2577
3161
948
8150
1549
9749
4254
9974
2095
3596
8059
2224
5225
8086
2865
4665
596
2341
8800
9610
8000
6180
1387
5000
1619
1541
3326
4613
589
4893
4818
4322
4939
1901
1372
3733
5984
9740
5902
4027
17
5752
523
572
6686
922
6983
7787
440
4798
7440
7206
6962
1159
9801
910
6391
7077
4805
1348
7534
472
3605
4744
7994
22
7112
802
3352
6730
5374
1273
9196
111
8963
3766
2463
1097
789
2739
3113
7328
1674
9015
7485
160
6237
1
6622
7770
3388
3104
521
1590
7226
5540
8097
2182
5236
2055
997
3020
2214
4840
7442
964
6340
1210
3670
575
1818
5038
2659
3995
8309
2213
9888
6909
9065
7522
4921
3363
2471
4213
489
5942
6199
850
2442
7217
5067
4180
9086
8603
7151
2291
6344
2474
9333
379
2949
216
4202
9562
5967
4267
9737
587
6961
5422
3708
7137
5026
9016
4883
2415
9068
2122
6494
3471
780
6532
5201
2032
6176
7022
2729
3256
6810
7288
8439
4440
571
7685
7372
1495
6763
9364
5255
3732
6155
8630
78
3506
268
897
9027
7808
7893
5253
8241
199
9721
7246
2206
1260
9137
3371
8027
3631
5427
819
9221
1949
9734
673
4627
2523
3266
1757
4886
2870
5172
4205
436
866
7653
8491
4800
5944
1576
7901
8883
9211
2543
7791
8822
3691
3824
2983
3810
3186
179
6486
3221
3835
7070
1303
7364
8055
1602
3175
2601
85
525
9669
6493
1697
5229
1598
5444
8624
905
9337
104
7517
5493
2068
6063
1562
1948
6482
8834
2110
6744
9482
7748
8563
127
7617
5914
4311
2972
4995
9941
4577
2092
1438
1658
7095
7149
5113
4078
1064
6304
7483
6989
8749
6259
7746
3491
1875
7551
3750
2918
1463
3567
7146
3311
5176
8289
4122
6863
355
2005
2678
6671
2970
1400
8217
6379
1987
9324
5777
4291
8667
3039
987
4863
7158
5090
681
992
8970
9006
8897
6359
5689
1413
3443
6270
180
7963
8329
7560
2573
2077
307
7457
8446
9589
5213
4517
2180
4491
7378
9561
8117
2416
126
7915
8863
8583
5733
3855
7291
7814
4152
828
3351
6845
5698
8396
3755
5647
3387
4599
7650
6976
4376
3664
9904
4725
3564
8930
4285
6121
9219
963
1726
9367
9342
4527
7343
7567
1848
3259
7708
8189
9138
3490
5696
9566
8128
9835
8063
8708
6091
1962
460
6879
8640
1278
8034
677
6221
8566
2566
638
133
2429
9228
8378
6375
6634
2191
6560
5371
9697
6228
1118
3602
2736
145
4784
9005
2784
7118
3668
8318
1636
4998
9464
2170
4597
9931
6731
5648
5146
8953
890
5763
2791
5039
1478
994
3330
9524
6646
331
3043
2587
1873
6431
9067
4847
4914
6498
8811
8464
5516
1466
4398
1801
3349
4816
6949
5511
8705
4424
5452
8307
591
167
3434
9735
1769
2798
6830
2163
419
3146
7177
1742
5314
3774
7984
5393
1034
5952
5651
6411
4568
2655
8812
9710
8747
1809
8613
5676
3499
1209
1218
670
8820
1585
82
234
4406
5464
4648
1867
1511
2151
9056
8925
2903
8896
831
8460
8363
6633
5909
5014
8205
3444
339
7456
595
3718
4794
2441
5292
42
6016
2653
7654
7779
4166
2654
9574
1933
1827
4579
3536
1242
6952
6276
7429
7852
8075
9165
2821
7936
9298
8399
8716
7264
298
186
6535
4996
5524
51
3042
4879
5768
2169
9
2059
8698
1171
6056
9087
9352
6912
1907
7435
2707
4721
3888
6077
7323
7164
7989
2560
9285
4742
7833
3253
1268
8252
7962
8423
3399
6126
2028
9522
9910
9718
4212
1128
2723
3935
5463
2984
9521
5825
1258
29
4685
3932
9177
6958
4098
8918
4220
4588
7632
7310
7970
1669
6679
1963
3465
6120
4316
2331
9171
4247
6042
480
5354
9295
7108
6815
3496
290
475
605
2293
6361
1842
1774
7896
7448
5641
1367
5661
8149
6965
3340
9078
3183
1017
6136
7547
4837
794
4509
907
1866
8426
4810
1765
9866
8234
4905
809
5803
4799
9579
6729
3726
8540
5827
9108
5662
7384
5534
5538
4218
9550
1318
7800
4884
3327
796
1018
4650
8869
1659
1388
5220
6865
6282
5285
7812
6678
6968
3933
4722
7927
9671
2027
8457
7012
393
5600
380
6477
2765
6663
8755
5867
1892
3445
8122
3751
110
7248
8786
9119
6709
7292
6423
9968
9455
2876
5948
759
5182
9017
8935
1711
5997
7950
7230
8277
1312
8791
2030
2253
8557
2829
3783
6861
4100
6074
2321
2106
7218
354
6387
3847
8101
9433
8144
5233
117
314
6503
5670
4271
6127
8903
9007
640
6743
8352
7344
6974
5127
2688
6330
8228
846
4494
1003
6260
2890
5513
9488
8541
5234
1177
1201
4503
7369
8873
2982
841
269
6665
740
6429
2672
2504
5807
1419
3373
6602
9607
6757
1147
374
3520
1037
4532
6548
2762
8622
4638
1059
6461
8079
5804
529
1151
8646
6733
5891
7479
5053
6715
8036
2112
9696
5187
6279
84
2113
8222
1871
2451
6915
2924
7832
473
6756
5264
6840
2911
3099
4674
341
898
1026
7093
8215
256
933
7371
9339
1081
87
8394
3571
1456
1787
9791
9741
608
7702
6035
1928
9628
9389
8411
5246
3972
63
6239
243
3790
70
6811
5149
4096
4305
7809
8711
782
4958
3263
9161
3149
9123
1652
2777
3957
6662
7492
9218
8044
3177
2608
960
5960
4889
6189
8980
2425
4080
6208
8512
3258
4502
5153
4296
2357
4558
3310
2644
8145
8942
3501
1857
1817
3963
7142
130
3195
9407
5968
9930
4170
1601
1847
5726
4149
7756
4481
991
6407
5525
2053
1044
914
3292
1563
3695
1020
9405
5642
358
1112
2188
6160
2388
3074
5512
3887
5049
6198
3814
1374
4982
4151
3518
6866
3615
1793
7179
4538
4733
7581
4366
8691
4938
7111
2131
1542
645
5602
3119
3786
2234
7468
2039
5308
5614
3098
4634
2328
7665
3798
4668
2394
950
4402
5805
1706
3676
6642
2283
6463
8253
7585
6220
9919
1491
9598
7339
8470
2019
8315
9786
7930
3877
6902
901
9662
628
651
7947
309
6263
9761
3884
877
2380
4132
4266
5795
265
9301
9421
1340
7064
710
5476
2313
1214
8434
2908
109
6524
9383
2785
155
2475
5745
4033
9936
424
8179
6285
2874
8025
7379
8738
1587
5973
5478
4730
4831
6767
7176
3693
1035
2561
434
4286
5491
4676
2907
1405
594
2861
1276
5593
7729
9559
1116
2686
7666
4242
6908
8418
2757
2337
6714
1362
7995
6458
5868
8477
5341
5683
1393
7313
1944
135
5338
7960
7330
7851
8463
284
3382
6317
9639
2894
3021
9031
2591
1106
9168
6764
3476
4620
3345
621
5765
7490
6153
4295
5045
8080
3546
3018
4755
5036
5031
8958
6890
8050
1970
727
3686
6288
3036
4482
3053
5761
1813
3770
8177
194
3662
8933
8588
1844
4705
5939
7376
4459
9243
1134
6992
381
5473
9381
4524
9729
2119
2724
559
6473
2500
4276
334
9348
71
3406
5572
9070
2702
3797
6138
6212
3026
1872
4605
1357
5
7392
3601
881
9714
9515
4429
9627
8964
8637
4718
4200
4632
1506
8254
6626
5269
1747
9472
8497
939
6294
1716
6903
9849
4072
5013
8486
7723
4042
7611
2919
3468
847
238
2501
5964
1369
3291
7349
7338
1887
8273
4997
5168
6256
2016
324
9111
7196
3987
8451
1971
9403
1725
9042
9209
8013
9820
6851
3911
7446
9981
5140
4243
5072
7678
7759
721
8877
6618
9726
951
2350
7799
8839
4614
2744
5714
5305
3709
6689
6287
3856
2642
7730
2743
1616
8088
3173
3376
9096
1084
3103
6484
1436
2528
2252
2526
6311
9533
2407
4929
6224
3394
4923
5167
3192
8261
1660
7660
5668
7817
2969
1283
7256
9182
1328
444
7281
8031
4407
7508
7965
5608
8545
7612
8542
749
9292
8251
1503
9821
551
4771
1916
2098
6186
4156
9155
3358
903
5410
8638
2183
8436
7105
178
2926
9956
4581
1048
2613
3418
5259
9401
3109
4018
1009
295
6452
8015
7386
3862
4032
2195
4809
361
2175
3577
5889
2498
6040
2624
206
2594
3701
4275
3284
8530
8815
9586
5562
7673
8721
9948
2435
1969
260
1294
9417
5688
7295
2356
2580
536
8141
4643
189
5394
9032
2349
9831
6278
9525
6097
2769
4335
55
2335
7588
8635
1509
2946
8057
4670
21
407
5183
563
137
6492
8268
921
9145
3649
3910
1286
1641
7977
4005
3147
6684
3813
7493
3438
1379
6599
7320
3807
3222
8160
35
6456
7074
6849
9877
9273
9336
1589
2737
1049
9509
8706
8880
5023
2152
9060
5530
8105
6935
9416
171
3411
4093
4728
3082
535
1155
6115
6436
5787
4195
2863
4374
3364
4270
5494
2536
365
59
8662
112
517
7266
723
9806
5951
4451
3132
7038
9896
6171
8507
317
7647
9769
4713
1077
7275
2364
8485
6658
5377
4104
2294
5211
7973
8598
2081
116
865
228
3271
1176
1488
9041
6315
6095
8380
5310
9136
5760
5542
3659
2917
8002
9075
2824
94
7601
7329
1223
823
1820
1302
4720
4468
9889
6001
7452
5987
745
6721
5275
1390
8761
2811
840
6495
3613
1285
9061
5847
3227
9200
2438
2598
4766
498
6549
2775
7006
574
3431
8803
6942
8028
8295
5317
1335
2315
4589
7844
8324
6878
6760
5242
2525
3547
6129
115
4578
4644
6383
1626
772
7056
2271
2988
3694
1520
9181
9252
1114
8673
7172
6913
8904
9588
6225
4472
8173
3587
2499
8725
1730
7574
4208
2419
1385
9330
5842
402
3062
2205
8143
4530
4652
5921
5658
5876
5064
7472
4514
5301
9987
601
9147
3332
3784
5085
2275
6550
9747
2374
8483
1102
150
2046
7066
1327
1222
9872
2650
2189
7860
6301
9894
1490
6507
7335
7873
5041
6215
6512
405
4346
7562
3513
2013
5119
1863
3753
7661
1173
1189
1095
8919
1427
445
631
2771
9950
3329
932
6778
856
7527
3999
3128
5451
7001
798
6062
4940
3779
6321
9180
5218
1689
5342
4363
1702
7183
6123
4647
3334
4293
9350
6706
3510
7190
6838
9477
7380
7071
9473
3193
543
4991
1360
7885
5397
4824
5154
3029
5282
6963
5238
5441
2626
8442
5897
6231
2136
1611
1735
6692
1156
2034
7353
7245
4020
3811
2668
5339
843
3690
7635
8922
2541
1803
5459
6911
1309
5536
7434
4928
8611
4852
4934
2448
564
4823
1649
4455
8493
4967
5547
8366
7026
6444
8484
8548
5636
3951
384
3280
6837
1310
3441
3912
8011
1443
2597
5694
9116
5835
5697
838
5093
4383
7996
1188
6475
4204
4375
3241
8719
1457
90
493
2047
7694
9984
8701
3188
1221
6248
9606
5680
420
5161
9727
940
9069
703
5325
4053
7215
4173
9823
9982
9668
3650
1266
4793
2406
9798
6803
6888
7044
7506
9184
9848
1408
6404
8709
1320
6305
5311
291
176
6531
9882
2998
8155
5191
1036
8365
5554
4756
5199
6510
5630
1528
2873
3857
1776
1865
7016
9760
4973
7235
9720
4251
8893
2285
153
4010
9427
1100
9629
89
2960
8337
3168
4822
9475
8441
6110
3151
9220
3828
3775
6610
5095
1786
8890
2515
6385
1975
6132
792
9054
2581
2752
9141
1010
7622
854
7866
8956
6886
3719
2011
3393
1810
2606
2883
4476
9280
4225
4672
2138
717
4238
7405
5436
1904
5231
3487
4246
8577
7267
8561
8196
918
8536
5131
5120
3059
4612
6185
8994
3539
8615
7891
602
2801
4344
5916
4804
2159
2326
9946
565
5519
9163
7942
8882
6753
2339
7684
7182
9169
8661
2971
6987
4329
2481
8043
8992
6647
7487
7691
3486
2344
5762
2690
2741
9753
3531
8154
3421
404
6564
7169
2740
6322
5353
2947
9289
3821
2576
5286
7327
2864
1957
7257
9757
7222
4240
95
9528
6660
6090
9253
3359
6769
5367
1519
4708
9565
33
4224
7859
1625
3534
8406
5826
113
5548
1978
3050
9921
6000
4933
2208
2704
8733
3965
1088
836
6593
1120
4221
8474
1256
240
4699
9434
102
9860
5559
6022
9115
9281
3341
9338
7626
3599
1764
4571
6651
3705
1788
3576
6096
630
9326
4160
8806
6798
7079
9674
5206
5243
9264
2140
9652
8109
4849
9947
7120
6570
606
1480
9667
6835
2956
8730
5883
6839
2301
9752
4458
9754
3834
2928
7735
3051
491
2996
4084
8808
786
362
8061
8855
6297
6650
9432
1418
2484
9374
9452
7600
7793
2383
2376
4659
2306
428
3401
4310
2371
7306
2553
6542
4252
9954
7707
7367
4231
9748
4157
6536
6242
3481
6766
5585
27
3618
6805
192
6819
4633
2101
5569
3164
2226
6403
9613
4136
1462
6068
3958
815
4890
6704
872
1905
8771
1417
2975
6265
3737
9100
5204
6233
7921
9476
1895
2209
5226
2308
6335
1569
6439
5414
4074
3641
3675
9258
5685
5118
1832
2868
747
5015
1728
8841
8765
4474
9544
5474
8818
6364
8547
6453
321
6293
691
5193
3976
5779
4975
8368
2099
2886
4696
1338
2635
388
968
6517
8618
9601
9826
7078
8408
8354
7355
8488
8126
6702
4105
7279
5864
920
8200
3078
1983
4092
9103
5495
8743
1254
585
8821
7591
3068
7425
8539
383
2661
8802
8004
9077
1908
2651
7049
4354
8286
3379
4710
7775
1006
6037
7670
6654
1754
9765
8455
7374
500
977
8220
4859
6023
5267
232
2649
616
7621
8350
662
893
1281
437
8678
3989
7580
9248
299
1985
3660
3090
4369
2295
7014
68
5081
7643
1051
2556
7216
6887
588
629
549
5366
9447
1092
4370
9926
5943
5528
5066
8355
212
4235
7426
9428
2872
7165
7224
9780
1263
7025
6997
8857
8248
634
5962
3236
8807
8714
4499
7838
9197
2922
6209
8792
9159
1046
8299
875
1759
9454
3058
7117
2090
7676
510
4727
5972
6292
8147
1635
6623
4888
3005
1164
4135
7861
3993
557
4594
505
5488
1640
7854
9856
5071
4601
9940
2343
3215
3859
1399
8731
2772
318
7640
4631
6608
3805
1655
3684
353
2540
4294
3470
8966
2933
6348
7417
7752
6058
5800
5215
7898
7721
8500
4163
5966
1475
2204
6975
6697
6466
227
5195
5732
31
5824
123
5573
9340
2800
3715
5429
9235
2408
4693
9241
4262
7924
3261
8943
395
3054
2147
8514
7023
3085
7605
8053
8227
2207
9893
3864
9296
5035
466
6885
236
2992
1526
4636
9387
3229
9349
330
3167
8543
7886
2958
1612
6801
2304
346
3492
8102
2539
2218
928
4187
547
6179
2699
9892
2414
5123
757
1826
6464
1143
5162
4040
2006
8479
3288
6365
1123
6920
8760
8099
9614
3502
6065
8073
6821
5302
7024
4083
7523
1770
9448
4775
7065
6425
8475
1502
4892
3375
7021
705
5504
9225
3980
1117
3035
908
1024
9822
4836
3
729
4461
1805
7415
7354
1190
4045
1073
7290
1682
800
5297
8159
1215
4382
3557
9569
8030
8785
1825
2310
7998
1644
3761
190
5859
1050
7373
7559
3894
6953
5137
2774
7331
5240
3139
5755
6069
6253
5256
3279
5582
6191
7987
1843
4513
77
8237
3118
6202
2050
6874
