48
382
336
632
360
576
569
618
501
268
615
646
571
407
840
391
344
354
330
506
630
969
288
730
64
149
870
667
720
746
503
767
127
838
399
838
765
319
456
265
586
422
910
508
180
101
898
524
454
579
381
84
547
20
165
611
168
34
277
887
131
131
654
609
968
404
447
85
74
254
701
11
675
611
518
855
63
767
730
517
345
462
952
244
481
116
206
1000
502
834
886
984
964
891
593
283
646
391
719
71
644
420
81
670
382
950
524
444
716
605
960
413
418
911
656
898
379
861
897
232
46
135
215
9
377
159
643
23
549
362
445
192
781
526
862
162
827
737
605
543
694
917
955
111
179
962
361
557
174
609
788
219
95
355
579
472
513
221
846
62
582
290
605
714
167
818
875
994
907
832
888
600
748
194
62
278
155
422
187
680
383
326
250
477
680
828
948
193
400
145
606
982
787
210
695
953
28
922
298
934
753
185
885
852
730
946
481
236
720
667
915
102
993
164
578
672
343
878
864
743
22
821
76
808
31
122
113
410
43
410
695
147
947
579
350
676
876
831
264
595
497
178
48
489
694
626
161
388
855
376
130
228
197
557
388
579
679
500
988
73
261
34
572
559
612
921
587
839
103
850
434
600
379
481
440
72
458
952
812
664
328
293
892
876
850
279
806
880
130
145
952
742
178
523
301
141
796
239
979
898
88
412
849
466
245
289
890
54
240
53
718
919
345
609
794
194
239
951
425
368
95
729
461
272
603
761
412
398
351
743
648
438
154
496
256
750
784
497
804
24
549
873
942
893
481
88
439
719
38
863
438
485
591
898
756
194
11
520
943
361
262
590
151
767
86
406
869
221
254
672
596
154
544
538
398
376
977
836
446
366
51
883
850
993
132
958
538
142
477
833
855
90
774
5
856
211
762
724
432
15
747
27
168
642
916
565
369
244
753
814
610
155
48
459
499
180
768
389
673
244
221
527
685
994
531
893
205
644
968
988
658
67
366
177
708
282
94
77
877
198
242
486
352
290
297
202
821
64
590
493
660
162
20
696
508
902
588
64
546
556
51
555
622
416
732
681
49
177
109
926
374
351
763
77
640
59
278
460
475
220
304
486
733
323
181
240
577
769
303
474
676
705
28
297
473
111
977
521
287
86
798
12
788
913
88
427
971
718
238
797
289
541
282
21
216
815
613
144
583
915
617
258
972
644
906
444
107
234
316
393
319
466
405
106
378
844
884
700
913
473
497
201
366
130
574
581
944
186
76
878
452
692
487
423
687
392
218
793
626
534
538
296
999
294
754
376
137
989
75
402
462
923
954
827
405
527
759
700
64
834
578
868
877
64
290
563
808
860
708
785
393
245
80
391
538
185
118
26
174
544
427
987
819
381
165
223
259
923
922
323
108
499
190
984
915
831
898
74
690
957
858
434
201
289
176
738
474
293
116
999
189
542
337
7
922
501
229
533
423
150
855
882
1
396
217
267
578
466
340
620
423
549
53
623
837
229
713
662
873
828
12
61
721
348
67
995
848
295
527
622
797
733
503
149
128
71
415
57
537
106
676
311
654
729
933
842
957
997
504
829
176
867
242
897
215
308
243
62
955
769
36
103
501
890
251
980
961
665
36
849
122
712
159
775
440
443
968
748
440
823
928
967
690
169
215
256
829
457
317
783
225
704
885
77
594
135
56
906
151
92
754
624
155
912
750
594
706
717
693
497
540
620
464
581
141
678
836
969
135
504
751
711
208
987
788
801
473
195
706
975
286
811
598
792
74
347
385
779
63
429
276
954
401
91
886
541
768
721
509
254
225
611
317
784
949
104
936
421
650
993
395
288
803
344
79
876
690
464
6
104
244
633
410
644
723
295
184
843
16
44
96
592
6
412
375
954
867
310
726
517
302
120
804
104
815
882
331
504
697
336
960
293
321
369
936
43
663
472
885
678
515
981
621
873
744
995
826
963
304
552
479
957
23
634
412
838
867
742
693
916
430
652
208
750
20
143
144
683
966
29
712
481
361
333
353
456
679
530
418
335
433
248
291
808
881
55
645
100
148
689
15
577
341
222
678
360
716
174
394
682
202
458
514
914
142
218
369
820
747
787
154
532
34
797
339
267
851
983
366
998
23
380
927
363
953
956
75
668
129
820
701
682
277
214
595
418
783
964
590
530
102
95
61
135
891
399
753
93
733
118
443
755
849
721
470
801
676
544
821
157
363
873
190
992
87
785
761
869
100
350
750
553
445
162
39
687
912
792
132
996
909
574
751
110
294
572
910
321
115
82
