351
559
619
878
643
688
626
637
22
93
245
881
97
526
329
264
174
257
279
52
867
367
961
366
230
884
679
684
379
84
560
477
604
711
168
353
608
630
738
350
488
948
887
952
546
268
981
545
393
788
747
147
964
661
327
177
518
719
739
900
480
647
896
119
632
390
215
777
86
471
244
495
348
108
758
428
455
175
658
162
917
513
806
763
944
467
277
313
34
664
914
606
472
581
511
685
126
938
492
102
742
874
882
766
611
678
464
243
890
336
659
650
907
112
995
828
95
805
840
289
55
998
304
219
891
359
383
620
261
809
478
757
454
405
792
124
796
441
871
808
40
645
886
824
437
466
877
161
628
482
430
833
203
421
965
736
259
141
335
929
541
710
363
98
956
523
118
314
967
737
861
185
395
636
744
262
382
695
778
812
340
371
564
780
23
429
601
396
384
3
463
420
82
242
696
947
934
123
571
372
17
854
146
923
640
167
318
821
781
265
835
962
985
113
109
31
529
578
943
178
507
927
864
169
883
470
892
285
551
504
321
435
144
66
490
24
899
111
307
699
682
439
223
190
936
296
618
291
208
92
271
692
364
273
916
332
1000
599
585
253
561
509
648
827
583
83
842
759
281
505
506
855
214
303
791
173
930
838
879
298
706
37
444
361
908
5
940
412
434
344
588
646
594
145
433
417
622
12
853
955
521
26
423
654
537
534
483
456
186
749
267
731
804
750
895
623
566
130
155
399
752
45
826
71
294
858
418
963
392
829
400
863
815
474
949
924
756
96
354
453
206
120
105
94
715
751
548
197
524
237
575
133
593
149
533
921
461
43
134
282
115
910
633
528
159
897
58
311
595
297
733
246
299
572
300
783
556
137
909
859
358
181
674
132
609
642
586
369
87
156
193
614
547
820
334
452
176
91
9
568
322
250
232
19
309
74
755
793
121
79
644
306
520
553
48
325
164
584
77
88
462
776
72
846
567
937
275
503
613
166
443
38
968
80
292
517
217
305
100
570
212
848
76
603
725
999
984
241
49
638
873
852
544
535
222
373
450
53
629
11
813
876
830
198
922
834
179
114
565
224
398
926
552
73
270
841
915
590
527
514
436
868
942
481
589
885
532
207
341
489
735
977
41
516
411
187
621
401
346
697
370
218
319
844
996
698
573
233
378
816
345
971
945
775
324
918
200
403
839
485
338
888
365
157
424
183
843
240
728
615
170
188
129
807
624
607
104
310
29
1
426
676
748
323
600
70
191
795
911
295
953
184
539
959
36
368
360
798
716
683
499
819
797
6
278
774
743
612
557
165
377
258
543
457
802
978
786
148
954
234
460
610
487
117
251
125
994
769
708
849
438
976
451
681
587
579
172
60
558
713
969
727
231
446
772
690
239
28
442
54
27
656
192
388
225
33
151
153
136
941
997
672
988
687
2
263
449
866
992
957
512
765
580
469
163
893
286
880
970
773
652
510
355
870
236
582
14
315
729
78
726
635
677
447
387
554
903
860
42
210
406
519
248
734
616
680
376
673
689
213
850
973
958
536
35
617
479
57
290
308
745
723
138
980
704
337
500
550
555
404
540
486
782
641
287
531
64
227
51
784
639
252
432
990
894
362
851
448
530
13
61
301
670
465
760
862
730
665
810
182
59
875
993
753
374
380
856
410
458
293
445
204
811
331
333
142
375
276
857
800
419
496
154
402
814
317
247
989
832
928
342
741
201
21
933
912
906
904
143
831
724
707
491
818
416
549
919
972
754
718
249
825
272
397
476
171
68
381
979
538
211
425
50
67
69
107
939
983
122
8
836
408
116
522
391
407
920
110
283
702
721
280
131
627
605
946
127
386
195
764
569
357
577
799
801
932
140
475
180
320
889
216
356
498
266
671
789
667
194
901
269
7
312
597
666
563
274
925
761
693
865
46
740
574
720
592
39
905
106
966
316
700
869
986
803
160
822
473
32
655
790
847
158
228
328
385
732
663
220
651
717
209
343
787
525
960
413
767
649
562
714
44
389
255
768
770
494
931
975
128
15
16
221
823
669
591
302
837
662
657
691
794
101
660
63
675
497
339
10
508
974
542
205
502
762
238
99
75
935
431
459
484
90
951
330
701
602
235
226
845
20
950
771
705
785
902
85
598
596
135
634
817
703
189
515
349
260
493
326
415
576
202
103
779
414
987
668
4
18
152
991
427
288
422
65
394
686
722
347
712
982
25
898
913
229
746
150
81
501
653
409
196
254
440
30
89
872
631
139
199
62
256
709
694
284
47
56
352
625
468
