2829
4829
955
19
1820
2393
155
933
4613
3606
2282
1363
1158
78
1876
3196
765
3788
339
3248
2783
2600
1821
4885
709
2466
456
4618
138
3922
2052
2967
103
3006
4337
3274
398
4491
4206
10
3096
1488
2724
4253
2917
4600
3800
3681
4739
4139
1928
3873
1738
100
3758
2446
3917
565
3415
407
839
1818
3373
2293
4823
2709
566
1572
3551
1124
1582
1646
3963
657
2250
1879
1608
2401
1912
2698
1539
3839
1571
4628
291
1680
3425
559
3596
3192
965
4434
9
689
1726
4832
3397
3644
1403
3299
4767
4336
1296
81
1345
3545
1959
4304
946
3870
2002
3836
4061
3572
3464
4351
1603
3240
1261
198
1431
2226
984
1440
2914
4061
2623
2663
2704
377
961
3822
1065
2257
3902
2409
2153
861
1712
3098
4730
65
3286
142
3636
1749
4492
238
1340
753
1788
2771
4330
2771
562
2243
1831
4536
4905
4535
4912
2218
4708
2328
4474
3610
1088
2978
822
4152
2428
1903
4216
713
2045
4204
3813
2888
793
152
4992
2580
2922
4321
350
4835
2916
2181
4370
4172
3067
634
1389
4126
2961
2214
2735
4049
192
4908
3200
2619
1811
2415
3331
207
2970
2143
3094
3763
3646
4438
1342
1568
3758
3044
2754
3025
1576
2124
2197
4642
2757
3585
119
2069
2151
4206
1117
2342
4113
668
1312
2275
4435
994
2481
2404
4488
1927
1166
3133
1364
3860
1052
1473
1903
3806
4498
3478
2281
1694
4471
1389
1630
4589
3457
3780
3794
926
2473
2907
1593
3784
181
2379
4777
4014
1135
4264
940
2300
3749
3655
2511
4800
127
4413
3605
4624
4242
885
2669
3712
3625
4299
3301
2082
4430
3446
3007
1903
2704
951
2038
4237
4682
1815
3250
816
2430
541
4467
1178
4195
1978
2330
4321
1390
934
297
632
3171
2965
695
1795
3615
3995
228
4397
3793
4586
1299
1496
537
3336
732
218
1502
3981
2385
284
4521
1851
2813
67
3828
142
4388
1570
2428
4684
2201
1950
4000
2895
96
3967
3242
1676
3363
3386
1261
4661
4881
3149
4348
613
4718
2202
945
2102
3837
1818
3953
1649
1884
2780
3143
2623
4349
1922
2306
2901
3871
2658
2148
318
1624
1741
1993
4986
126
3254
998
6
2754
1697
1970
2472
3898
4267
4573
4086
1084
4877
735
4319
2657
229
1942
3357
2150
599
2610
2372
3256
4757
2689
1231
1497
1034
1216
2974
639
3565
2979
3392
1614
1301
863
1863
567
1788
949
3002
1664
1683
2320
672
3263
613
381
412
1212
2990
2783
819
2746
1823
2050
594
2856
4617
3567
4846
3182
2897
3238
4795
549
452
1657
1115
2239
2605
468
255
639
4140
926
253
4752
1306
664
2315
647
4798
3134
4744
2973
183
337
2180
4799
255
2026
4332
4504
263
478
52
714
2135
2519
4305
1091
2986
4559
3082
3477
1836
3334
3229
4494
350
543
140
147
3676
4884
4471
210
1572
1651
1361
1827
3676
692
2682
3938
1170
4085
1003
4656
1603
307
2098
941
1217
179
4417
3053
4865
3997
2546
214
4540
4037
1712
4567
3920
1183
1129
492
2833
2489
3670
1508
3180
2703
1797
701
1787
4151
356
4742
4458
2454
2034
2026
3984
2802
78
3848
1799
3975
413
2690
4364
2125
3608
3283
4659
4736
126
3843
2224
147
1702
1756
2849
3498
2456
988
2648
4164
729
3457
2969
4114
1835
1952
1915
3264
2152
65
2239
2564
2754
1602
4688
2714
1236
698
2449
2714
4540
1025
2860
1241
4132
709
1090
1587
3048
90
750
3776
4898
70
2889
1732
2022
4803
4996
4173
1220
3586
1736
3973
1539
2776
3038
2774
4825
1839
1839
4365
2863
4699
605
1994
1759
3047
4932
4806
3136
2034
4933
3033
2103
2821
4765
4124
3975
1112
4648
194
4697
2736
519
1235
511
3556
360
335
1746
2199
1051
4608
3249
3008
2953
7
1054
2885
1164
4189
1270
1096
2221
3372
3916
3337
3848
4242
4448
4847
788
496
2582
2658
1730
4444
2565
3442
1131
4311
1992
2181
3918
240
188
3223
1598
1241
2459
2761
1781
3728
3856
354
3451
4123
42
2298
4716
4490
2145
503
1337
1078
3160
3067
522
725
2860
1652
35
1203
184
304
1442
372
3526
4391
2964
984
2151
1097
1063
2358
1450
4514
2832
1491
3163
2547
2332
307
3050
3669
2737
2561
3087
3258
4637
2298
1261
4671
3500
1444
1327
1293
3167
1204
683
1131
3540
4185
3579
4602
2894
28
4115
725
2870
2278
3271
1554
3936
2672
1574
1672
233
4660
1281
4869
3309
2541
892
1808
3985
3570
4452
2151
4773
1486
4633
3312
2022
3211
4266
4915
4590
3380
639
2460
2009
261
365
945
2933
1938
3968
4517
2949
249
737
1257
2789
2980
4416
1773
1549
3867
276
2674
1704
4908
2337
3725
3119
1602
3639
2708
1334
629
1519
3342
889
1883
638
173
3820
958
4689
1768
1206
426
4376
346
4757
3791
3471
1306
2657
3746
331
4360
3653
2667
4436
3123
621
3074
2183
1954
3702
3701
295
943
584
2285
1115
755
3242
2156
3875
799
3933
3250
1144
3689
2041
4614
1346
1049
4711
1676
1761
4716
695
1196
2838
1315
622
20
3268
675
73
4914
1617
656
3550
4084
2762
1791
1239
1636
2589
1523
4886
85
211
3278
4698
2909
4326
761
4584
2438
476
1630
3634
3313
2944
4255
4685
2563
4929
4757
2477
2898
1764
1026
1981
4525
4169
4571
2513
3109
1093
3750
3193
2655
2027
4243
563
2704
3
1499
142
478
3128
3775
142
1072
4381
4826
3634
661
934
2462
3558
2697
4840
1890
3574
4008
2812
1086
3468
256
4835
1661
2911
3213
2255
4825
916
3609
1323
1057
438
803
1183
1931
3226
563
3109
3211
2576
4042
673
2485
1739
512
727
1664
871
4890
2749
4338
146
3935
2350
4408
2147
956
584
4414
916
1907
1823
1353
4061
3005
4636
2286
4920
2744
496
2495
1785
1168
1331
4875
3031
2057
1538
253
1947
638
943
3444
4572
4644
2851
3070
600
3434
2484
1515
1692
658
4220
752
3662
3855
4389
4933
1598
4885
2427
4734
2404
110
4609
1787
2166
1146
3391
464
1784
4333
3907
2707
3977
3109
777
4576
2895
4612
2442
4586
269
3013
1690
282
3219
2430
215
1168
2314
3993
902
1070
4102
1862
4208
2620
3007
2598
4435
1142
1931
3342
3849
907
1450
977
1834
696
1940
627
282
3560
4992
3323
193
3210
752
407
4378
4418
752
1631
1839
1205
3492
1046
3824
2850
3643
3259
344
573
2952
544
2831
753
2872
4664
1449
4811
1643
3082
4722
1634
1404
1266
4843
3507
1673
572
2924
3776
3554
1114
4980
3397
2159
3804
1247
802
3414
2942
1374
1365
3485
4205
2117
1356
220
4917
2518
1862
2998
3591
4847
753
4856
4690
4260
2880
1613
3535
1655
1519
4649
1635
4915
1807
1790
2513
2608
1555
454
334
2919
3938
890
1387
293
1109
1304
4162
4323
653
2752
4169
1406
2608
210
665
487
3175
551
2142
4693
1551
128
4607
3358
1917
2120
2317
3471
2573
4002
2741
1511
4891
479
3155
2352
3134
2317
3026
3787
68
2194
192
4027
3756
2208
4514
1930
4110
3007
2974
661
3134
2580
370
1402
1051
2686
1224
3624
3040
316
1486
2930
794
992
1633
280
3308
4658
4066
4728
3204
609
3754
3311
4168
4619
240
3277
3977
4565
289
3462
2144
658
4863
4547
4696
2438
3170
2735
4105
1007
2016
1251
1998
3649
1530
1658
3306
1947
2737
2861
3907
2842
1171
3074
2461
2762
2702
2789
2326
2991
1251
822
5000
2465
368
4695
4903
4889
3781
359
895
797
1609
4244
4445
4490
2253
4102
1436
4989
3315
342
2831
4485
4767
1643
2247
3821
4431
924
3163
681
1745
3162
3146
2112
4209
4400
2000
2989
1110
4246
137
4071
3490
933
3560
2094
1387
1348
2083
4701
3041
1265
4185
2808
4259
2783
1628
3689
3707
1142
722
1803
4303
219
3915
4863
970
2266
2852
3431
2864
4340
2501
2705
273
1061
4798
1659
2408
3232
2711
448
4496
1895
4607
3754
1030
2586
3795
4736
3727
868
2890
4382
2438
3156
4244
4759
422
3447
3189
4637
2787
690
2341
4411
3102
3490
2421
509
1722
131
2308
1217
3377
3267
1323
4406
852
1469
493
931
3688
3383
312
1125
1538
907
2235
3311
4354
423
2947
3492
2464
1639
2902
565
129
322
2425
1850
1804
4733
4418
180
4351
740
4586
202
3560
78
2484
2247
3460
4147
4723
1350
54
3309
4660
759
3732
3959
4250
2547
597
3503
3112
725
176
536
2574
1979
1620
1992
2158
970
4083
1743
2524
3995
3173
1359
2593
2984
506
3668
4333
1911
1976
345
2669
2059
4303
1918
4606
4899
420
2717
624
1947
4604
4549
3925
2576
2892
1082
3545
1975
4177
2420
969
2349
3779
4913
1684
4284
3580
1017
1194
556
2713
214
2614
2015
2131
3571
1913
3902
2639
3888
848
3595
3437
1124
1170
1328
2205
4714
4654
2733
3486
1974
1433
2264
1887
3117
2899
1818
485
444
2373
3197
657
1339
211
2787
1261
3475
3040
3900
2363
239
2494
2151
1362
3663
4830
4918
4728
836
2651
3213
2809
4083
1828
1047
2199
4726
2865
2683
169
1589
879
825
4279
2441
4963
540
916
4354
791
4630
4592
3284
1780
953
3298
2961
2223
4377
3796
4873
3942
2957
3955
769
4003
2506
1847
3219
1540
3367
4808
2419
4192
438
1211
506
977
2126
4860
1767
1755
803
1402
4886
3108
1051
4199
330
1780
4346
202
721
2302
508
2841
2657
3013
1039
875
4553
4406
2034
3323
4949
2472
4533
454
4800
3011
1665
1567
1117
2468
4320
2355
575
1723
1553
904
3502
898
2457
574
4552
2964
4766
2208
2329
805
3082
3233
1562
116
1555
1510
3939
2439
3315
3738
449
4980
1656
2918
3799
976
272
725
4050
3176
1628
2551
425
436
4476
4976
3399
4241
2183
2079
1397
265
311
2958
1732
3217
4467
670
656
4134
759
2456
4113
2415
373
4263
3390
1996
4987
3791
171
2966
1341
596
3401
2168
1923
3151
1408
4106
230
2805
722
1892
2114
3805
109
1581
826
764
714
1584
4571
1178
3998
4944
1792
3739
3291
1778
2529
4814
1095
221
1761
4495
2388
3683
3997
148
4140
578
2952
4861
2470
65
3665
2578
2997
842
4693
62
2426
4263
2591
1423
558
4382
1514
3849
2511
4042
3662
3605
4263
1774
4451
3002
456
3448
3149
4596
4025
2452
808
2846
3869
825
423
3217
1666
115
3279
4091
730
2221
1866
1287
1603
4731
1487
465
3772
1500
4070
4386
3273
3520
3740
81
3319
1888
4676
3696
692
1835
1541
4560
2659
1964
4128
4325
3430
3758
4767
511
979
2984
3150
3933
2714
4636
4397
2838
2488
3466
2223
2112
3338
962
2192
1656
4202
3219
351
1245
54
3244
804
2712
1559
1283
3388
1340
41
4507
1851
1019
2490
5000
1303
204
987
699
3041
4826
517
1615
3290
3854
3929
481
1861
4482
52
3564
726
1457
1807
2881
520
4717
4163
3908
1056
4203
3414
4258
1573
2255
4257
2875
2458
1596
4926
1850
2773
442
4817
1062
647
3745
2895
3859
3226
2946
3774
3951
754
1932
1831
1273
1648
993
1532
4056
1548
1297
3313
4472
3552
2570
3699
2361
517
3624
563
3289
417
379
703
2415
475
3597
2625
3700
2894
1399
4002
3647
3330
832
1271
1330
3176
2803
385
1075
451
3697
547
4002
2618
4245
2715
3134
4220
4629
2775
988
7
3477
3402
481
3425
1026
532
1318
3776
4533
1316
2106
364
2586
4787
4891
388
171
966
2191
3867
2864
2544
1485
3460
258
970
4031
4886
96
18
1244
4924
4771
1724
3348
2148
2255
1017
924
3139
2332
4381
4854
4918
4167
4745
1657
4337
2062
3847
4555
1277
1391
1039
4736
3000
3361
118
4238
3456
135
481
4732
4905
3557
3079
2052
2163
4096
4327
302
1427
3707
155
2696
2873
1251
4353
3561
4664
4551
3116
940
2293
506
2027
293
3866
2144
882
3674
3630
1362
3405
3534
4918
2835
1938
3433
1930
1264
3734
4709
1323
240
3756
4195
1491
4460
2756
1154
4011
2223
3446
2655
2728
1824
4299
2946
3968
180
1619
3949
2894
1375
3835
2811
4209
772
2595
2491
3387
1328
2199
4709
1568
954
256
4410
414
4363
1915
776
1585
1712
3430
4312
3536
2729
2257
3855
4260
227
2803
2153
1601
1637
1316
2162
3760
3910
4652
2147
238
3202
3207
3157
4155
4814
2566
920
4176
832
3047
2112
2544
1477
1424
1079
557
32
1285
4816
1611
4087
3321
4563
724
4636
1724
4483
3545
2727
2981
134
928
2540
3290
1435
2353
2207
2354
2881
4391
401
4992
1934
3229
2767
4364
137
4151
648
1304
761
1086
4624
1675
1809
4259
4751
2644
4156
2477
1976
4289
3405
4515
3931
4839
3220
2489
3544
1100
3231
296
1091
164
4876
3858
879
12
3008
2878
1316
120
3964
939
1794
2124
1550
1544
1119
2057
4021
3095
2697
3777
2609
2979
4967
828
1820
3510
1927
50
158
4370
1566
33
3227
2444
45
1234
1674
2712
1353
637
2
4498
2760
1551
1042
3879
4959
1414
3325
2656
190
2285
634
1508
4465
2453
1369
1391
2503
1526
760
4068
1559
338
2863
2955
2923
4536
666
4275
1524
667
3773
636
3570
1166
866
3528
3931
4190
1183
472
1474
3169
1979
938
621
3347
3681
4475
4873
792
4894
2783
2482
4109
2089
404
3644
2754
1031
1520
4772
1155
2155
3341
2320
4372
3221
1250
3561
755
1721
1386
3923
51
3676
896
3397
3708
370
4621
851
1616
3755
3332
724
843
88
719
4948
1118
2238
4720
2272
744
4412
4591
115
3984
2192
27
4739
264
2765
3661
314
2792
908
3710
2851
1278
4683
3701
4245
3437
3385
4968
4280
3472
686
579
4589
2924
298
1860
19
1062
2802
134
45
1345
1512
4783
1608
4276
4796
1921
2067
703
1982
4917
3332
3016
4970
2576
1453
4706
2543
2084
3177
4581
2662
2765
2504
4312
976
3874
1725
129
4007
3121
1473
519
2904
3080
1146
4051
1352
4565
4753
4685
833
4437
2701
2154
2012
4153
1859
907
2588
35
487
1601
4151
4342
2264
1478
3215
3988
1606
2222
2109
3078
4092
1364
1157
1589
414
3860
2505
1518
3545
3338
954
1245
1843
4318
1749
3702
224
688
88
710
2288
4239
51
4552
2068
3265
3539
3674
1838
1999
1751
2281
3362
4260
3870
127
4471
1374
1645
3015
1063
3950
611
2906
3267
3711
2959
3490
4398
3046
4199
1686
3636
601
1237
704
3866
1127
4377
703
3126
2479
4336
2839
3090
3205
2966
3913
930
962
1927
3345
4911
3890
1250
3178
2600
4208
1667
1998
3605
2218
35
2241
2818
1271
2944
3035
3749
3672
90
3226
2502
4425
2417
1944
2629
1734
856
4910
2695
4134
3254
2605
3023
855
2134
1975
1414
153
324
19
3722
358
2259
2891
2980
1554
926
1728
1577
1015
1306
4078
439
3722
2373
4419
455
3228
4328
4501
3714
3934
3457
3088
4788
591
62
1202
2095
385
2572
816
742
1182
3706
73
2735
4631
3153
663
1997
4458
1092
3787
4531
3465
3205
1337
1692
3885
837
1757
2818
4293
4845
3957
1235
4906
1510
3329
1643
4081
496
3736
262
4202
3809
4348
184
1961
10
3533
2770
1102
2319
2300
4566
1876
4988
2609
760
824
4366
4929
1468
4210
237
2703
467
1747
2383
2109
827
2879
2197
1089
3432
1005
436
4967
4317
446
3499
3438
2899
818
2089
2464
2693
2076
72
4804
4251
789
4732
718
4998
1320
4772
1817
3066
3507
3925
3893
2737
2473
1333
1168
4829
3120
2486
4145
4917
985
3934
2815
3154
1022
278
846
3097
1702
649
3699
2490
1732
4417
3840
4403
540
656
2469
398
932
2713
3134
3405
4045
653
4585
3516
3139
3730
3433
475
4015
1247
3628
37
2877
4473
4485
930
1473
3184
3419
4556
3952
3610
3958
843
617
2778
1241
2901
490
4374
2657
886
27
2241
4402
4517
2322
4186
4991
1337
432
3618
1373
4660
4442
857
589
914
392
360
1821
4343
321
2130
186
938
4908
1426
3838
397
2151
1494
2635
3529
3734
2036
3045
1056
2573
4387
2392
4356
3004
116
4016
2445
2324
956
4710
2716
2667
2882
3410
2988
12
3595
3925
1271
1372
4114
1667
3523
607
653
3403
692
4040
1448
3099
1612
834
1842
968
190
1957
1335
3986
633
2290
48
3348
4957
2929
3109
2944
4292
1704
3220
562
4427
2333
3581
4301
4291
4233
2704
4982
3273
503
3081
1236
2688
4922
2203
2877
3231
3537
3215
3863
2179
3262
3562
2135
1190
1670
1430
482
4725
4649
1043
504
3333
975
4804
2623
208
3859
3956
4832
713
3388
1067
3401
4662
3270
2629
4244
3158
843
3106
336
456
3019
2470
1646
1040
251
3479
2117
4899
873
2620
4583
1848
3775
3557
3407
3986
3865
3238
4698
2252
4304
4450
3265
3925
2079
2508
2083
4273
1965
2418
4729
1335
1240
2726
2375
1490
2556
4491
2741
3428
3462
2323
1627
3588
880
33
2573
4744
4622
3623
3347
3926
3072
2964
2850
150
471
1284
775
2436
3702
503
122
4941
4580
2496
1430
2135
3338
4170
1914
3151
2845
3541
1739
76
4925
663
1171
899
4285
4517
4824
2357
2480
4025
3858
4303
309
4632
3090
362
1486
3211
302
1065
707
3083
3199
396
3605
1465
3547
2801
5
1637
2876
1281
3651
4046
2179
2936
4914
3354
1644
3746
2379
1853
3048
4039
2837
2489
4400
4322
699
1053
1739
2757
487
1289
3153
443
2753
3051
3243
4109
1039
1118
390
4689
1515
3920
3976
1429
2274
1971
1526
1004
3824
925
1394
3012
3413
2145
2333
4111
4549
423
1868
1387
1712
1372
1830
4464
774
1424
4925
3164
3894
314
4204
408
585
3180
3188
4210
150
4713
1565
325
637
2958
3336
401
102
2021
4512
1002
2443
2731
2389
506
454
570
1322
2579
1993
1246
742
886
2911
4945
2646
3495
4476
2185
4057
978
1898
621
1302
3886
3579
990
4287
32
4362
150
1034
3156
2880
4774
3662
4685
343
1335
2263
2335
2580
4356
4573
490
4300
3570
336
3776
754
4392
4753
4003
1365
2406
2889
4943
4747
3527
1326
4108
28
3711
2264
4259
3484
925
3943
178
2259
1205
3865
1190
560
3437
3031
1211
2006
4718
1338
4111
462
2442
3114
1826
4848
2354
1768
4594
880
4445
3702
2259
3156
2317
1517
1639
3241
459
3169
1851
3015
2033
4392
4926
469
2422
2488
3826
2139
3826
2936
2600
1267
2401
4425
2466
4754
2544
3412
1985
1989
3465
4243
144
781
759
3134
373
2569
1302
3575
583
3334
2966
1860
154
387
4348
331
3877
4525
4619
1477
791
2019
2253
4609
1773
4797
3020
3757
3137
1484
3000
4632
2264
110
2765
2636
2679
419
1210
4613
104
527
2825
258
913
3524
1940
4789
3048
1558
2617
190
3577
1222
4798
1701
2370
2817
457
506
652
4808
137
2915
1270
4253
1902
300
4671
4463
1264
1127
4989
4088
2736
2253
2611
4675
3394
2010
2585
2362
2200
2513
3583
3349
4213
952
2518
1021
2809
3169
2181
2945
1084
3450
3550
4337
101
3220
152
1364
698
1492
1804
3433
3745
766
3108
3490
2776
692
851
1327
3204
786
4675
3768
1737
2192
4788
898
361
3320
3842
2796
3121
2391
3484
3221
1963
3635
4585
2660
127
2740
2445
223
3505
552
3712
1280
2595
914
3958
2150
1699
4985
917
4788
2176
2056
685
3888
376
878
3035
3496
4621
1519
3069
2935
1505
4005
1946
2983
1744
4390
4557
248
4941
4620
2880
3887
534
1837
1036
3584
1821
3304
4723
349
360
407
588
2087
2637
3623
1934
2257
1493
2
1543
4349
358
3488
3684
2101
4230
3240
2349
522
2860
1580
4409
3393
4768
1796
3328
2941
100
3051
4641
1811
4809
228
3897
2445
202
2182
1053
3046
3536
2595
3747
3893
2435
2430
994
1664
669
4694
2185
3528
1273
2945
3272
2392
4741
1600
332
4840
4650
4972
1650
810
1552
1898
3255
3105
4079
659
1151
3966
4606
4897
2859
2040
3678
3852
55
4346
3545
3591
4226
1169
1536
2497
3560
1276
448
244
2467
1449
1567
468
2259
3118
3717
1865
1223
4147
2523
3725
3113
2128
4973
971
519
3650
4822
573
4347
4718
4164
3572
2238
2051
2421
2149
4678
2868
2392
3496
669
311
3963
2927
4780
2679
4791
1002
1825
2313
1078
1289
4441
2402
2259
1311
2403
3432
1884
1750
4501
2399
1673
1738
4449
445
3887
478
3313
2630
3973
3981
4292
2935
3259
4072
1965
3049
1425
141
1713
2503
1430
2505
1256
40
3816
3659
3472
699
1760
2972
4449
3432
4710
249
3877
4948
726
3541
3929
4698
3873
3221
3984
2131
2292
2300
1531
3716
2440
3243
2570
221
748
3826
261
915
3836
84
1613
595
3055
2413
378
4116
2661
4254
415
3386
4146
696
4435
3018
3916
3418
1500
2559
2069
3030
2626
860
1273
1548
1081
3372
1725
2693
4286
560
2776
2250
1154
2182
4662
1531
1298
2322
2137
3064
2059
1282
3759
1493
652
4026
1262
2151
1584
3330
1533
562
541
4157
3461
2973
2528
185
665
3165
2096
4792
1766
4601
1974
1427
1131
4623
100
4619
2686
3510
2253
1445
2
2904
470
2615
1406
3406
2296
2938
319
2836
2094
3779
809
973
315
2825
489
2410
2617
2254
2010
942
3680
4492
564
131
4111
3249
3640
2715
1045
4993
1970
1515
3959
3375
1272
1254
2665
1590
442
1110
1720
1250
2083
2034
426
2571
4443
3042
1177
2804
3983
4856
2295
898
1339
2757
499
1330
1823
1543
1323
3792
4409
281
3519
680
2887
1183
3621
3328
2292
1692
929
726
77
1354
4649
4519
4396
825
3674
4730
2032
2321
628
3370
77
1126
4700
1900
4020
2374
2043
3429
4006
561
460
1892
1743
433
219
387
2124
1147
2464
2201
2501
2112
3071
3248
4288
3097
4329
1320
417
1308
1041
1845
2433
2092
96
2805
4465
2139
1233
4823
2699
3044
1714
794
4828
3285
2532
3304
783
4995
1856
4635
2107
1278
2882
1394
4374
3563
4065
4790
4870
106
2987
3655
3549
3082
1459
3014
220
4043
4188
4271
3438
901
64
3266
537
2595
1569
1320
2589
3424
954
1047
4701
188
3793
427
3750
4209
1568
3619
666
4554
2273
4215
2636
83
2228
4207
4125
2767
3477
2563
3667
3540
2180
4204
2486
3748
1875
1427
3523
2828
3825
4575
4367
3969
1353
3116
3178
2921
3087
3843
2474
1711
3057
1461
1794
1636
668
2270
4402
4144
1184
4421
2684
3363
4976
1521
2110
1850
2947
1984
1029
1772
2911
396
740
4263
4863
269
2183
4301
4112
1009
1012
3520
2469
4157
156
3136
1426
909
3632
2610
1681
2667
972
1656
4187
4434
4857
2134
2769
886
257
679
2633
2348
4942
3847
2617
2124
3148
3080
3132
4159
1599
1953
3315
3106
1440
4740
367
71
3701
2047
2737
1025
3703
3276
458
4911
1761
4578
796
2017
257
4780
4364
198
3627
3332
3673
1774
1411
1805
2284
3010
3757
598
1115
1548
1689
1481
1619
1742
4880
707
2766
3582
3982
4575
3492
2094
4152
640
4110
4408
1771
4826
4605
397
3157
3278
3522
4568
1434
805
3929
1542
2754
1395
3089
4443
2876
1059
1184
2755
3118
301
2688
2099
4875
2531
4193
4026
4522
4654
4786
1293
831
742
1689
3988
371
1563
4907
1804
2367
3835
4697
121
229
4138
915
4456
196
3450
3562
3313
3750
2601
1764
4976
132
2308
353
1005
3313
138
2297
4144
880
338
3131
1250
1900
4389
4406
618
3223
4102
2090
4803
4591
3004
611
4787
2805
4172
4451
2906
3125
2566
2881
4608
1225
3234
612
4538
4723
2909
3681
602
4598
3163
3204
2849
2551
2609
3466
2125
3062
556
3279
2653
4911
3889
3791
2716
4413
4593
1973
2537
2159
4854
3496
4735
4439
4107
4272
513
3367
4304
1115
2964
2466
670
812
1368
3278
630
4844
2691
1185
4475
343
1095
4715
4133
162
4127
3726
2135
3015
2236
3340
1510
1970
2778
1969
2594
4642
335
1897
2108
4651
715
2777
1814
2082
2406
2443
3278
97
3627
4104
439
1074
3818
924
1235
4297
1001
3369
3663
4588
1708
1525
2909
837
3493
502
479
179
2399
2586
4829
3113
363
1643
1546
4120
437
1175
4216
4064
278
1007
137
4096
1930
1371
4744
4282
1092
3406
3869
2799
4930
1777
3636
4774
2279
466
4953
1029
3051
1133
493
4765
2775
2038
237
4564
4565
4452
3627
4842
458
115
289
3739
2837
32
3020
3928
4790
3240
1727
4719
1369
1714
4493
3647
2179
797
1027
1581
1929
1519
2698
1056
4908
2934
619
4472
2385
597
4314
4195
711
954
4285
3547
986
2305
3827
2127
1896
553
1845
3264
3618
2689
3262
796
4837
4288
3728
1766
806
2777
4173
714
710
4791
1537
4447
1739
850
4993
2449
3156
4277
2347
493
2933
1173
2619
4829
3077
815
3092
1694
4856
1354
3841
4692
1993
2569
2809
4151
1697
1981
1216
2407
3123
2752
3205
4861
4954
3197
2309
3109
2473
1008
3601
406
2180
1219
234
257
3385
4677
1950
3240
2382
2143
2932
4375
1063
740
4877
2759
4073
1092
165
2195
3843
3369
3408
148
2917
716
3256
390
3075
3208
2147
255
778
3732
1863
4163
3408
164
2402
2142
2306
333
2868
3368
2425
2744
1127
1497
3835
2643
43
4029
2364
3450
529
280
518
3784
2021
3592
3344
519
198
4121
4250
2060
3283
4010
3576
685
1151
881
2369
4018
601
4793
3113
3079
2641
3299
721
4036
3679
4436
2485
4207
1068
3002
4343
4440
2946
2686
4959
3143
1806
4208
1555
1441
4569
130
2125
2071
2362
845
2440
4314
1990
552
2392
4630
3850
4465
3665
3881
3900
2502
3087
1319
1855
2429
759
4800
1466
717
4295
4624
1276
2201
1064
2197
3682
4540
4267
1043
384
1707
1709
2373
2258
4100
3355
2460
4916
3371
1340
168
872
4426
1486
2727
3207
2244
3878
1024
4312
3172
647
588
372
1710
2784
405
1249
3402
2800
1633
108
4508
357
3718
4959
3711
1177
4875
2082
3868
1394
2953
4645
2879
2031
2851
1475
2261
3875
786
432
873
2725
2156
2583
1860
2560
183
262
359
1815
369
1218
2172
438
1177
2234
1614
2403
4315
481
3796
3620
126
3026
2002
4328
4500
4262
4554
1638
1046
427
714
3201
4361
2574
2112
4543
4187
3823
2710
907
40
1233
1345
1216
3466
4310
4970
2781
4791
3765
2752
1268
1791
4753
1947
2642
4015
1501
631
60
3279
1345
4612
3991
3918
1723
3533
4456
1897
2594
362
1937
3826
1706
4504
2292
1016
4474
1424
2158
3238
4175
4777
1380
3927
1723
374
4293
4575
1004
704
4205
2348
315
3195
2617
3390
3080
2072
286
673
3786
2222
4499
491
3078
1790
2858
2551
3213
1367
2140
3739
1143
4872
4017
2866
245
3310
3792
1248
365
2997
4948
680
1191
3916
421
4270
988
706
4943
4773
4280
793
1615
2357
2582
825
1259
2146
2191
3398
2236
3334
3269
1252
2551
3513
913
1342
1113
1278
690
2412
3309
3233
1327
3729
3854
2314
786
3796
3438
65
940
1405
3773
4873
2229
31
3370
4419
4781
605
4104
3049
3209
3006
2914
473
700
378
3102
1389
2789
1410
4621
4115
1490
3475
2781
2276
3622
2570
3692
914
3974
3817
786
2554
3847
4156
1973
3627
4760
2428
3028
2968
434
2293
3441
2485
2670
1542
3873
458
4304
4846
924
2145
4672
3704
4420
4645
2626
4464
558
1599
3280
1344
4153
3478
499
2477
3457
1610
1256
1484
930
3041
3776
722
525
2797
3615
4398
4606
2918
595
529
63
1618
585
834
1262
4562
297
3172
1160
4928
867
1664
3406
1365
492
1862
4326
1748
4697
255
4788
4824
976
313
2620
4591
1062
3577
3860
3008
457
274
4625
2393
1108
2238
1954
2756
409
4466
4036
1275
1129
2441
3991
1621
654
4669
3368
350
4923
4507
173
2251
4819
4144
3193
880
4072
2052
239
4528
3678
4863
1921
1137
2101
226
3892
3861
4691
4279
1488
820
1719
1830
3792
2372
1498
3511
4073
2773
3017
597
23
4188
1092
3215
67
163
1618
1658
1043
295
1520
2963
2783
4972
4540
1675
3833
4231
953
320
1402
4024
3501
193
2747
4999
3703
3172
4123
3071
3768
497
2258
1212
63
3677
1374
1680
334
2416
3327
1853
1730
1109
1825
1270
4135
2009
500
1440
3680
3253
1815
2180
3445
4561
3530
3499
4084
2652
1569
2852
3148
3827
4063
4562
3855
1788
1242
4188
556
920
1040
2285
3380
4216
4906
3867
2576
1757
306
1255
9
3472
3435
3453
4384
3316
3303
3468
2320
1224
2671
1819
50
3085
1381
256
4872
3974
4443
427
1245
1834
4064
4624
2402
321
3490
4977
2078
147
1232
2086
3618
1018
1891
3002
4333
1545
2821
3004
2768
491
4823
4169
3575
1203
4424
3446
1528
3866
225
2772
2052
640
2395
4453
960
2237
4429
4389
3735
2012
1475
2353
3029
4717
1706
3714
1261
4526
1717
4029
16
1539
3197
4942
4093
3973
3387
620
2838
