4963
8391
6241
6954
2138
693
2914
9374
6474
7302
3108
8485
5128
6812
1514
9844
9869
227
2457
5746
6943
2837
7113
9834
1033
2054
278
1357
1793
5898
9195
3107
640
1787
61
2777
2480
9326
8502
8953
2979
7962
7437
8107
1125
5302
4302
7346
5528
3110
3091
8823
5946
6556
5008
6979
8609
5285
4687
401
7534
3881
9860
8174
5668
9920
7302
4499
9245
2156
9803
2223
6469
7239
6681
3945
8893
983
1290
4420
4092
733
9594
38
7288
953
3368
5896
2590
4406
2649
123
8287
2508
4648
306
8779
8302
1156
8023
457
958
6597
3277
4548
3278
7221
3440
612
8511
4212
1055
9243
157
7444
2882
1110
7163
8777
3699
1569
7777
173
6207
6636
4821
2864
5414
9474
4019
9788
9930
1328
2737
9558
5875
6014
6778
5667
2977
1640
6230
4031
7234
6386
7827
115
3847
4989
5244
3897
2909
9372
4070
9115
6008
5242
8330
7773
4715
2348
3913
996
27
6649
553
2254
2662
7330
7920
1990
5322
501
6020
2555
6886
198
2670
733
5187
4265
4629
4447
3636
5050
3562
5995
291
1891
3768
1357
591
7680
2352
6969
680
2904
9222
3341
6586
3493
1682
8259
3993
7701
813
7231
4251
9834
4315
5789
4098
5295
235
4086
345
148
80
6987
8391
199
8344
8981
4230
695
2301
4909
9951
7875
4601
2888
1367
6282
1146
1712
335
8310
8942
4585
8144
3256
373
8593
8550
607
2678
5246
755
9110
2233
5497
9308
6928
4477
3538
3974
3129
8446
3924
1003
9399
3163
8722
5680
4308
433
6014
2618
5726
598
7113
5333
7322
5705
234
4281
4735
5480
1387
3844
4064
6883
3151
991
7711
6688
4964
839
1486
5240
1842
884
8402
6915
2915
9062
7347
8929
1679
9424
5878
5143
4756
9552
847
4989
3832
5581
6820
5218
9424
883
2100
8927
1873
9810
1966
3189
7000
9803
8428
5193
686
6829
2107
3601
5890
5805
8881
3920
5228
1110
5414
6335
661
6261
7676
4492
8193
4495
6061
3969
1730
8160
9247
9954
4321
1212
3142
7673
1015
1569
2865
8052
4750
1324
8004
6991
7128
6884
7263
8708
7994
2676
1394
8654
5288
5421
9498
9833
6268
5558
153
7997
70
9399
7950
4390
610
7444
8414
7976
5364
1279
6028
6465
8954
383
3456
2433
7267
7070
7492
1612
6097
8886
6617
1385
4306
6114
7569
573
1672
7721
4921
1741
7119
9223
2482
4080
3018
896
8408
8381
8526
787
4846
7479
1169
4653
6263
4787
1722
3755
6398
7818
2640
9367
5554
3297
5480
3122
222
3503
842
1494
5243
4312
716
4077
8392
85
4972
3151
8466
9849
3937
9663
3679
5105
4315
9941
6244
6036
3695
8993
205
2686
8359
5759
2335
3839
5232
8908
7341
6074
401
8936
385
7469
3012
5128
7553
4335
4630
6018
4183
8566
5680
4213
23
6346
4153
6266
8733
4200
5258
8938
6885
3617
1048
9219
3807
6279
4478
7499
8704
4879
6434
5441
2347
5797
6920
6251
131
1550
8621
665
115
652
4877
6489
6998
5382
2754
5730
9581
4364
1019
6465
4332
8418
2036
8138
4697
6513
5636
9752
7743
8422
5192
6441
4218
2112
2692
701
3661
1312
7717
127
1963
2594
6616
5312
4327
5721
7394
3907
84
8412
371
767
3182
8758
5256
4230
1623
7244
3981
9365
5665
9173
2158
6234
1284
4849
3286
1296
2512
1003
1422
826
9948
4389
6138
4274
110
3531
8180
6545
8294
4902
7312
7827
12
2567
2056
1634
9810
6037
7350
1826
1561
9507
4412
2844
4355
7697
491
3218
5051
8264
4044
4998
2653
6533
5623
2762
6415
154
5658
1060
1408
2969
8887
1419
1888
942
3052
8049
6978
6753
6227
8538
6260
638
7733
6966
8334
4575
184
9737
2839
579
1086
1843
7111
6709
4604
9877
6862
6613
936
4621
9582
9822
6039
7821
7116
5442
5869
445
2195
8447
5335
8454
9084
3067
1771
3770
3994
8306
3506
6832
8884
4591
8674
2346
7651
9629
2222
865
6241
9510
5485
2174
5683
1524
6346
2798
6965
2215
3243
9159
661
8577
3964
6097
7995
2087
9866
1988
392
9723
5171
9276
4313
196
7973
8316
6176
6547
9180
8769
6056
4664
942
1738
2539
7288
888
9504
5854
4130
5014
2866
2706
5330
8962
7052
7416
5179
5392
7807
4901
562
3434
5566
7110
7759
3881
3285
4305
9412
2053
6712
4075
9347
8449
2966
2986
9336
2469
5191
9817
3834
8056
8874
5515
3370
5926
2930
4900
1317
7089
6153
8230
522
1718
5339
8280
1950
8624
8936
7713
7028
5647
1787
2726
4096
4752
5711
9783
3572
7253
5952
3758
5309
4825
9272
5030
750
2202
9929
8418
5642
6081
6648
2515
4150
1986
795
2451
6961
6082
163
341
1729
8302
9418
2176
9405
5129
8310
9329
8733
4261
3086
4041
9086
8709
5422
6187
7262
1703
4605
2903
7783
7604
5418
8285
5941
2564
7087
9254
8645
7250
9594
373
1903
9011
8900
7659
491
7210
6987
9224
1470
6424
9616
6907
5133
1390
3094
2394
3092
4050
1649
7226
1653
7066
5510
7593
5981
2597
3198
4625
6198
9143
1350
4452
4506
249
2110
4996
3810
9097
571
1632
1872
6539
8538
7004
7928
7983
5750
7371
2032
3750
4596
36
815
106
3981
3147
9054
7178
7771
1603
6321
5472
6054
826
2073
8163
2173
5882
3611
9096
7513
5483
1986
2403
8838
9913
385
939
3635
2417
4688
8230
2452
1854
8335
6432
5000
3740
9962
9123
5342
6282
4594
7747
7107
6666
2262
5631
8900
2224
4726
2764
7706
6711
5166
2896
2975
5551
186
6609
4319
4874
4839
6770
6727
9525
9554
8079
3265
5867
7201
4958
2148
1794
9057
5606
4812
1318
1236
63
3541
5962
2826
7599
9024
7992
6846
1999
9894
7031
8607
4212
8256
9797
7333
1335
5674
3238
9413
5290
9104
6613
247
1251
4758
5655
6856
5921
6972
4444
5983
6865
405
8809
4463
9428
3152
7660
7778
3045
4690
2737
7256
2946
2533
940
4280
8206
4178
44
3495
3281
6656
94
4532
7765
5748
7739
38
9072
8534
6020
2288
8938
1180
6750
4718
4331
761
8847
3727
5450
1583
7334
4747
468
8274
5378
5025
2451
5421
4872
2083
8428
4965
2966
6193
7064
705
6230
2487
9238
8601
4774
4528
9781
7875
5597
463
8635
4443
4190
437
2378
1523
5183
2845
6148
561
4221
4950
5981
9092
7033
4409
408
9998
6953
7472
7054
9534
6310
2644
8134
1084
3523
4266
5310
9119
4729
3945
9913
5270
4381
8642
3144
5915
7838
9292
6475
2059
593
8808
1150
7625
9568
1558
7623
2872
5381
4676
2405
1690
7319
6890
9125
841
1156
4435
6311
2236
4731
2576
3857
5463
1217
7000
1377
9055
2643
4204
1113
3236
9363
8614
7212
8930
171
4834
8153
1903
5862
557
9945
3180
7446
9069
373
4953
9855
3035
7188
937
5610
7396
6399
6827
4396
4128
2233
3390
8331
9697
2977
4045
8310
189
9326
4833
5022
7478
6735
7235
8034
6679
415
1831
2100
7139
6784
8306
173
323
9243
2135
7719
5641
5313
8466
9768
7545
8207
4450
7241
1184
8494
1902
1372
7819
6734
2745
5296
3469
9980
9681
6499
6746
1512
4950
236
4647
3256
6760
4969
2498
8894
9039
4490
4206
3856
4258
8102
2063
8707
1694
3246
3553
3596
969
1371
329
3713
3019
149
44
2699
6648
6789
4210
7949
7024
8856
1204
136
177
53
9029
5567
4543
9587
9423
8800
4040
7837
3858
5734
1082
3762
5681
8402
5133
6009
2114
4503
2510
8510
7201
5509
5298
1411
3457
8674
6618
4661
8809
3146
4713
4189
5065
5607
3775
839
758
4167
8675
968
6252
6108
4729
1932
4509
6213
4292
2974
715
6801
1483
7916
2309
3133
5678
5766
1806
8647
6778
6966
8145
7842
1154
3209
3449
1281
4047
4206
5447
2721
1525
1698
5180
6254
9981
9688
2466
4272
9013
9533
1073
496
7448
3381
3628
9477
5498
1785
4475
8627
8750
2619
6469
9903
2179
6269
7535
6225
6826
9333
5297
8351
1030
476
4604
1010
6515
3421
1634
1880
2953
2706
2375
6752
2438
2354
2580
7936
4138
7055
6562
9239
6025
9382
5493
8204
5650
3028
4428
2476
2360
6077
826
9742
2904
1781
7103
5771
5201
8736
7650
8154
7793
24
1257
231
8729
3837
4518
9218
891
7431
8456
3267
6813
3948
1470
8814
3327
2250
7641
2039
4678
8466
1780
7581
6598
5234
3351
1799
322
7352
6304
8114
3727
7560
4696
2455
1396
9213
1672
8638
6644
6479
1905
9808
427
9726
4973
105
1975
2614
2143
6652
7431
274
585
4029
5508
287
2179
5829
7639
8482
294
1365
2393
4990
172
141
4202
8195
8778
7197
4674
7034
3356
1452
3112
8329
1556
5086
7294
3699
8090
4724
3972
8674
5104
5831
5312
7282
8011
2950
2115
8305
667
4508
3294
7190
4648
3847
5384
9777
7396
6409
3163
7103
7860
6274
1783
5768
7711
9076
5818
5800
152
6141
825
1607
1972
6137
5241
6334
5438
7355
4638
2456
8214
4283
9645
9213
4482
1381
5342
1877
7789
8504
8979
2001
1129
7114
4120
8839
6189
9937
991
2692
2429
8167
4299
752
655
5891
7086
6093
3245
1723
4900
7811
2358
897
7023
6839
2277
2364
8715
6417
7219
4045
4769
8347
1158
8888
3538
3699
5176
4528
2742
7605
2694
3392
4708
3349
9282
1793
5793
8879
9868
692
6689
2225
7940
63
9063
216
8779
7777
2985
2349
8173
7753
696
5683
2993
4233
5733
4520
5112
8474
2124
4157
1866
6832
7505
7499
4976
9649
6377
4843
6693
9417
7067
4632
5832
6129
1200
4610
257
4184
6958
4782
8288
4005
464
7632
4589
6196
2152
9700
1021
627
3857
2886
3810
7713
6737
8786
3714
3113
3628
406
8882
7047
5037
4713
9527
2588
5674
9784
3123
2631
4565
7763
2988
1380
5394
7576
3927
7545
3628
4947
4524
3836
4185
8333
7900
921
7118
1613
385
7098
2018
9266
496
3407
3978
22
5994
9651
6157
5469
8634
7073
3231
7973
8452
8624
5548
2378
2521
5527
7325
7044
5714
7861
5376
3614
8781
8846
1578
9165
2295
9948
4783
2790
3354
5112
9163
5699
1115
5320
1167
9748
2392
749
7720
7196
9373
9619
5925
8245
1498
9601
5288
7211
7461
7015
7176
2593
2212
8754
1758
4506
8701
2892
3647
8406
8003
2810
4104
9117
4481
1623
8864
3224
8723
2935
419
8095
8906
2696
2691
403
8648
7978
3965
6109
1345
1141
8701
3556
6246
6810
8062
4946
9701
1708
3351
4056
869
3806
3172
5349
1780
8388
8573
503
7674
5343
4949
6579
8038
7640
3333
6686
1969
7298
9146
3313
8438
4198
3221
4683
7360
1282
5980
3412
9341
5682
7467
6562
5839
639
1910
7619
9026
6834
4473
6699
2177
5773
9630
6566
9764
2962
9603
8085
259
5100
1397
5048
9298
969
6082
3009
8602
2061
6420
7943
7742
3887
856
3581
877
2765
7551
9902
5951
8375
2952
4479
4147
2581
1044
3911
1895
6999
1995
2153
2098
9743
3553
7747
7064
9634
755
5665
8047
3527
9959
2140
7413
814
5720
8289
9931
9622
4542
5881
7996
3845
359
8495
2778
7754
8757
4672
4752
7103
3176
3202
3197
6728
948
260
2714
8055
5925
760
1581
5883
2899
5345
3049
4971
9985
2979
944
878
8859
5292
1074
5569
3786
3851
3322
2542
4874
4426
5996
4402
7627
9192
7481
4926
9452
194
2980
1728
7305
912
3962
6556
2608
7010
7878
8944
6340
8821
9821
1550
4112
895
7118
4249
1097
6792
3142
2323
1217
9137
6724
8843
8329
4204
3768
4132
750
3100
2211
4406
363
6172
961
2971
9534
8838
1914
5873
7659
8087
7423
8122
5333
892
2371
6429
7683
5512
5103
8899
1001
1826
7741
5681
2382
7861
6164
9483
7312
8374
3888
7674
897
1201
6996
430
38
5262
2655
4048
9700
77
2170
5032
968
892
7812
8651
2755
2915
3901
3755
1092
7994
9435
9825
5854
5598
5659
9517
323
9547
7190
1220
747
538
8001
7136
2151
655
7536
1850
7083
6057
3233
4403
6948
1044
9405
6054
310
3305
9809
7754
1298
5595
7578
7151
7545
3237
3019
4219
9135
6561
5438
6233
7098
3439
3368
5600
445
7255
7449
7528
3311
681
1930
258
8076
1334
2664
8386
4638
8824
2491
5936
4418
6420
9438
8314
9656
2457
2533
5142
9017
4322
1374
2466
4112
1094
8065
4557
8348
1865
2084
8011
8897
365
4620
6972
1698
7283
1709
2687
6106
4199
8622
524
619
4412
5189
6626
3220
4073
8120
8588
8395
9493
7405
2506
6938
5469
7062
1638
3685
5497
9648
2581
5861
4267
9552
7558
7902
1261
245
4007
1811
5218
882
8781
5981
6071
1759
5552
143
9878
4139
4889
9370
7895
7395
2660
3363
4456
649
7047
6305
6648
5979
2165
914
5531
9723
5167
3143
6319
9174
1305
7888
55
86
3869
2477
1844
9420
8972
1721
9911
3860
7442
7805
7606
6453
7520
8414
7101
918
4718
3748
6897
6882
1014
8779
2956
6180
1921
9274
1705
9577
7162
1760
9662
7382
588
7857
6801
9559
5929
3063
9771
3371
7220
7376
6175
4739
5789
3276
5656
506
3375
8904
3740
4388
7682
6695
6920
5954
5969
8624
5531
9482
6735
5192
6863
7323
9401
15
3233
5329
9430
3003
5051
6649
6731
1226
1387
2519
853
3394
9377
4227
8650
3116
8615
6331
9810
1886
2285
2130
509
7815
7963
7244
9358
1177
918
5110
7544
4150
439
6973
3505
1841
3621
235
3066
1359
9105
3918
1104
8481
4497
9753
7948
3111
2436
4110
1348
1072
2591
1856
5238
554
5451
947
1730
6368
6057
9273
518
2847
6245
4022
4687
6217
608
4105
3927
9712
4374
1383
8193
8870
7487
6140
8332
9922
6601
9679
7345
9192
7887
2582
9745
3337
3529
7826
9705
5937
7099
6574
8783
9695
6947
9821
2264
7554
3925
2542
7265
4651
3924
1809
3520
1411
4301
1852
7684
901
7882
5029
92
5768
3962
6188
9105
3842
4014
5161
9778
7464
1734
4912
7158
8680
1085
5773
2585
1361
8315
9849
6011
8590
1658
9531
10000
5958
7734
4036
3210
5615
5416
3302
1383
5729
9489
487
9571
3502
5647
5700
965
3732
6964
4475
8763
8048
6599
1347
9408
4913
7547
5419
3503
9204
4949
9854
1513
9034
241
4723
4648
5656
4376
6030
1385
216
2868
7307
3718
4866
3006
1034
4949
9969
1860
3711
8016
8459
5057
3776
9723
2604
9194
9577
8159
494
9431
6024
9527
6023
7098
526
1679
1473
2908
9415
1688
5775
6721
1757
6993
6078
9143
1941
6047
1002
5652
414
5812
7060
541
1887
6015
9734
1463
526
6579
7245
6549
2457
3268
3646
2983
1298
1470
5890
712
3157
8016
3784
1266
5008
9861
408
6949
2259
7761
8952
9025
9925
6011
9565
1811
8378
9299
9625
8903
2229
6870
5451
4686
6489
5448
4020
4138
3269
9909
1201
2777
4276
4984
4042
9284
1196
801
2584
3455
4914
1535
2479
4838
3897
2043
3000
2274
7693
8976
1176
6274
2197
2978
959
8685
4777
1330
9174
8045
1238
374
822
5513
5357
1215
1148
6553
2016
3731
6359
3281
5265
8837
4470
9162
7231
7469
1435
1276
2796
8963
7549
4993
1940
4859
29
3069
6188
9203
1113
3777
9576
8286
5641
4933
9501
6789
7837
7868
6871
547
1148
8488
5735
1969
4001
2965
9437
1787
592
8584
749
8140
3576
9041
9350
3605
2109
5537
2807
9573
5665
2382
7859
7658
3666
7359
4446
7854
1578
7668
4752
9077
6155
486
1045
155
9803
6833
1942
394
5416
9042
4886
8992
8082
4235
8948
190
6124
8106
9763
1788
6839
3973
9445
6857
7683
242
1062
9260
4262
5814
4688
416
6299
5732
6923
6101
8916
5216
6495
4331
4257
7732
9674
2339
1966
4973
8880
4441
3078
4994
6229
9917
5318
2025
3125
3000
8619
4186
8611
9232
9999
3298
5999
6298
5381
2921
8750
4296
8136
1596
8627
8745
9327
4652
1083
7645
9625
6314
2085
9054
7660
4665
5322
2977
3042
8446
5977
1660
2632
4587
7243
2630
4237
3241
5279
9617
6162
4029
3913
649
1976
8891
9393
1303
3542
6827
8947
9518
9493
1031
8572
7152
2048
3893
6480
5089
2339
2456
3100
1322
3395
342
3951
7631
3582
9230
3599
6095
9610
7511
6744
1585
6401
6136
9239
6295
9315
4537
2164
8807
5568
7087
2310
3967
980
8789
9055
9670
7597
2154
991
991
2495
1293
4973
2428
6874
8571
8523
2835
2434
5266
772
5186
7753
10
7832
3419
4547
9996
2225
6466
7082
4534
432
4413
9675
9486
434
7271
7991
7776
8261
6837
9069
9585
9264
2294
4507
7786
5129
3292
9403
5900
8478
7156
2261
6309
574
6807
2656
9151
9624
9738
36
55
502
9710
5892
936
6980
234
8711
1592
7070
4131
1176
6334
6425
2035
471
7905
5326
9874
3804
155
7029
2416
2816
3954
9223
5471
3104
5198
1560
3140
5253
2062
2849
7496
2997
6181
7730
1707
7772
4799
5838
8948
7484
8614
7334
7955
6518
2659
7828
6673
9166
1208
9088
1981
5161
4662
7451
4617
9860
9011
4108
1464
1072
3308
8959
4068
9488
3040
2126
7260
7839
4315
2559
1674
2928
9892
9628
9445
8902
3807
6117
8067
5014
1557
6399
6527
6218
3850
1143
6077
9212
1602
3892
6635
4909
2851
702
749
5890
9179
4360
80
3494
6918
1754
6421
3161
7733
2218
8414
1540
4686
2833
2905
6242
9231
9431
8812
9432
6925
4888
8643
4878
8780
5277
6139
7982
2330
6887
223
1509
1246
303
1354
4515
8408
7774
4027
2492
6343
2440
383
1029
5272
3288
7270
4503
9070
6081
286
2347
7321
8929
7224
2452
4205
3362
6785
2887
6600
7007
4395
7845
3661
5748
8711
2068
9873
2737
912
2568
5177
1294
3596
6800
4581
7217
7654
3
9650
7940
2349
3322
6868
9572
2125
7424
9286
8909
310
5885
2267
1056
82
5928
3155
5144
4347
9380
7881
5258
1947
9409
2904
1894
2560
7484
9110
214
3838
5111
4505
6186
4784
7724
2110
6908
1499
7747
2168
1809
9983
4435
9216
64
6714
8723
1560
1060
8102
5792
2670
6400
5200
5573
8293
7759
9408
3754
4324
3246
5217
8828
5783
10000
2903
7892
6908
4402
5638
5427
2562
5621
9861
1777
2036
6574
499
9947
3986
4952
5738
6655
1351
937
8579
5995
5048
7986
6101
5723
7583
1317
903
3366
7668
3805
7609
927
8206
3247
6354
7119
5219
6214
8896
3606
9140
5746
3553
9477
7050
9290
2483
4752
6579
1061
7099
1626
5398
3199
3700
2981
867
4602
2698
8534
8407
306
5813
2964
9904
2166
83
5122
4731
5330
5080
222
7427
8632
9698
4476
4273
2180
5580
851
3240
2678
8828
4990
5876
2528
4322
3094
7129
7019
7979
1887
7324
3791
1203
3580
5956
7637
8701
687
2966
132
908
6744
8763
6958
1220
3036
9137
6799
238
8729
5828
9066
3718
1703
1593
8039
4796
8721
5057
2774
6960
8732
6565
8162
2311
8872
5798
7364
5910
5115
7495
3170
1858
2610
127
9429
1997
9263
2579
2234
7991
8406
1299
8060
6460
2891
6098
1255
7964
7506
381
4923
2590
3297
9436
1252
8520
5233
8615
4430
347
2462
7599
8556
1423
7725
7985
3419
3339
6915
2004
7682
5321
3303
5741
1780
2545
8191
9387
6860
2048
6119
1782
4637
5767
1217
5889
4286
2801
855
8715
9499
9668
2665
8055
1090
389
2391
860
80
9305
2864
7761
4625
6166
9853
2757
5062
8043
2143
1922
91
8261
55
1079
4027
1272
3319
4664
424
526
3379
9923
193
6043
4329
7635
2784
6719
8494
9215
6023
1357
6975
7000
3874
6827
9756
8936
1222
8250
7209
7664
2862
7263
8742
3240
4886
8413
7903
5310
8938
1281
5232
5482
3676
5912
3116
2811
2630
1610
2025
5004
9318
5351
8355
9544
8529
8110
4831
6102
2711
2039
3765
5572
9301
8859
8811
4187
7271
6714
5848
2560
4346
7431
8041
4373
3342
1157
3535
5971
9118
1911
7326
4787
7261
5681
4330
2142
142
9160
8243
2853
1198
8360
4776
6851
7218
3587
7389
840
6652
3236
9751
7349
666
7791
1722
4007
5299
5256
6329
4416
7167
3654
9203
779
5686
9884
2920
5828
9044
7515
5032
6593
5874
9807
3443
9443
9745
831
282
6396
4066
32
3745
1083
4174
1818
5089
9473
3425
1417
240
591
1423
9442
7722
7108
5678
6993
9287
4721
4507
4318
1313
380
4125
1108
9822
3869
8290
6455
6617
2356
2838
361
3438
7012
8530
4879
6484
1954
2647
3075
8897
421
8869
6618
7529
4546
9962
3167
9266
4469
7485
6930
1200
1609
8037
7374
1829
6327
180
8445
5034
3018
5157
4823
29
3686
6053
2864
5640
8700
5938
888
9120
1158
7505
3000
5703
7466
6167
4968
8286
3
8250
5838
7963
2638
3211
9791
5316
3390
4588
6701
6407
9744
1524
2787
3430
7576
2002
5421
2627
4292
6308
8099
5449
164
7450
1152
3981
9968
2471
2267
9970
7072
4456
7932
9710
7666
4075
1377
7407
8662
8078
166
8405
9601
2952
8186
3528
1306
3606
2507
1949
6265
605
7397
6428
8054
4900
6761
8022
3723
9027
7991
7146
9834
2275
6855
7499
6349
4584
4905
5010
2661
5070
9766
8613
4374
7952
2140
2031
1557
998
3979
4174
1602
7727
601
6008
8979
7361
381
9053
2739
4723
6198
2572
6997
9405
6422
9697
3988
7679
4706
6648
2748
4472
1612
3473
8775
103
5503
6683
1101
5833
856
9054
3560
7809
5061
2538
5169
5441
7942
4260
164
4139
3183
3512
3543
9605
3209
3882
3635
4266
6881
6382
5089
8492
6207
3863
8595
8061
546
9695
3894
1401
8748
7453
9209
161
6342
730
5601
4283
1341
2116
4773
4523
1980
4668
479
5188
8549
4113
9453
5430
6847
894
273
9405
4756
8867
7465
5301
8561
1358
3054
3661
5162
2262
3821
1503
9343
5773
2137
683
7889
3262
5206
9868
7929
2036
1407
2829
2501
7211
4610
5699
8104
4883
5103
9212
3749
2567
4512
8662
3925
7565
2322
9086
6179
2494
6941
5521
8266
5429
6204
2506
8690
7761
2373
2970
6148
131
2151
8648
3694
6760
4346
1797
1642
9448
1008
1743
2015
1872
404
2291
5788
9077
1376
1966
1570
4668
7487
9835
97
42
2341
5138
4154
1065
8108
301
7548
258
8949
1241
3369
3294
9389
5011
9094
397
3105
1108
8620
3508
3398
4407
8936
1125
6373
505
5793
211
6691
5889
6604
5383
1026
757
6448
5485
1057
347
2094
5
1587
5463
9651
975
6825
8744
7723
9929
6203
6342
9788
5952
749
8723
7076
3473
9227
2868
35
2269
5108
2990
7652
2486
3746
451
4322
1154
797
6416
7511
2383
1878
3513
9709
5054
2256
7432
4982
4810
125
4769
761
7225
3491
7836
7049
9069
7056
3435
1337
2163
6424
8988
4648
6521
9438
8970
4027
6586
1737
1537
8968
9966
5049
5029
5019
3656
8812
10000
8465
8936
1120
9225
2513
962
3412
9561
30
467
9348
7718
2630
5771
3058
3629
8644
8847
8950
2670
5433
686
558
752
651
5606
5780
5669
5613
943
2020
4077
6231
9491
9653
8743
452
3064
4655
6833
3531
4002
903
6160
6125
3960
6140
4768
2806
5090
3789
8238
5775
4346
5342
2778
6303
1121
4798
1915
2064
3170
2343
8294
2660
1995
3388
9464
5058
8042
2648
8588
2044
3550
1099
8168
3861
7239
9287
3019
8680
3075
7608
806
7420
2949
3583
74
4070
8381
1988
2485
1550
4330
7130
4209
6324
517
24
7733
8558
2672
2673
6953
6221
3771
1472
6434
7361
758
9452
2392
3832
7059
3198
7603
8
6780
7676
429
1512
6015
2913
3061
6696
42
3622
9371
558
3645
7104
5467
2668
9776
8772
5241
9898
243
1674
3611
1001
1125
6002
1184
4535
9199
5139
4542
2331
9166
4970
3842
5181
7882
3255
8228
4275
6876
7599
1184
6872
4702
6651
5892
829
5422
1132
7078
2016
2805
7040
3016
281
3042
552
4815
8592
2042
5709
7274
1207
678
1116
2739
4912
722
967
9186
7597
8565
6722
820
9618
3372
6711
6798
5145
4194
227
7160
6998
7267
6528
3630
6660
3431
4797
5251
5472
505
8877
3030
1182
6344
5769
6093
7065
3087
1631
1013
8003
8352
1832
7620
8075
4895
769
9571
9088
995
3082
2438
8261
5961
2419
4920
5743
7215
6523
1214
7719
5399
596
5253
1742
6364
7697
8806
9450
9327
6170
3804
4030
8001
7775
8456
9247
8543
4378
4687
5889
7460
3476
502
9772
5894
5421
5515
9461
8295
3080
7179
45
3675
2431
8138
38
128
6943
5839
5806
9464
9642
6188
7465
3768
4643
3063
2310
9021
4101
4551
2832
7576
5052
2603
9822
6824
8117
9282
5119
1197
2812
5163
4871
1595
3301
1261
1722
6595
3451
3879
6059
9445
66
9875
3212
1061
9289
5522
6433
3390
6424
9264
7317
1475
1866
3490
8298
6335
2771
9768
3883
5583
1283
5105
7177
935
2717
5250
7529
6168
5480
9939
5612
5546
6165
8823
2958
1806
696
9390
1547
7119
8653
8863
4945
6870
8705
3243
9556
1475
3010
9790
3409
4292
4895
6937
5226
7611
8538
9107
3778
4018
5397
5741
5915
7914
916
8872
9719
1611
4613
7617
5082
3265
2831
26
6486
1535
9620
2394
3010
2630
2183
2770
3273
3429
6059
4851
1040
4596
3957
1169
4965
5705
3262
879
3618
4177
6102
9688
2139
714
7304
3572
330
6487
9950
3168
8021
9569
5561
7382
8550
4095
152
8175
7524
6210
3025
4915
7157
6981
2435
2122
9037
5696
9352
2655
6224
5454
8694
8363
6167
2350
8286
2849
8836
8235
6016
6856
4156
1576
590
2705
5670
741
879
9545
3302
3903
4459
6810
7235
3246
8931
6272
8941
8283
5278
5165
88
323
9879
6254
2672
8164
9102
1507
2751
1469
4715
6906
3044
5304
5962
5066
2396
6841
962
2049
7095
1773
8858
682
5018
4141
6953
3958
8775
8582
5474
8862
8904
1704
1467
1576
6220
6921
9434
8970
8389
500
2227
7785
5803
8188
9202
4550
1380
163
6598
8475
1935
1808
9156
6952
5948
2460
7262
1074
7393
9087
6287
6296
791
7753
4223
7010
1025
9
2331
5766
508
4557
3550
2663
9096
9103
7212
476
9265
3810
5302
7552
1969
809
855
7916
3268
8116
5341
7012
7203
1627
3307
4345
5731
3882
1354
6756
3890
36
8873
4397
944
2422
7059
39
7876
4271
6866
3492
4432
2167
1043
6400
2975
1898
667
2594
6365
2359
9605
9919
3985
9264
4263
9715
3145
1968
2822
7034
2003
1694
7782
2946
467
4841
9337
8342
5463
6202
8186
6246
4721
9228
2645
7695
7477
9663
6641
194
2021
2597
112
2357
1860
4375
8423
1356
6342
1245
8389
4697
9290
6171
7642
9757
7363
3330
4450
2825
5884
2635
9070
604
8215
8066
4650
2043
4080
1290
2236
2452
3887
2348
4808
2098
3074
3230
3454
9415
826
8194
4111
116
716
8105
6224
8078
7786
673
7254
3669
9660
2675
4272
7874
7092
8922
9916
7523
6563
2152
9974
6801
851
1133
5251
3924
715
8704
9690
1540
3249
3801
8007
3965
8257
4230
8394
6042
1255
2000
9711
914
1026
334
8787
8118
5607
5054
5640
8522
3557
1966
1674
4407
3098
6924
8330
164
1979
8020
1704
5228
8172
6062
5544
2780
292
289
8821
1546
2288
4883
8811
9666
1569
3949
7783
7175
9002
9774
2048
2559
8091
3722
3317
1189
645
1647
1352
2624
6018
9407
4203
541
5469
6098
3320
2112
6386
8492
9
5026
9727
8819
4691
1295
9119
8825
4821
8120
4950
6869
7030
3041
590
347
581
1234
8345
8284
209
714
4043
4411
7606
5863
6860
925
7974
3246
5768
4334
4623
5494
9504
5665
6788
8622
4489
1609
3093
5790
8477
6475
8830
9066
6821
5762
6651
1517
4046
6860
8582
4440
7622
6187
302
4482
7111
4627
4079
2878
5312
8701
8372
4815
4365
1511
9788
5205
3119
9232
994
7947
5706
6176
3364
8878
8289
6367
394
8686
9578
5327
3125
7199
1513
3426
8032
4975
4404
8462
7853
9715
7162
2576
881
7878
438
668
9434
9909
9900
428
7855
1957
2955
7571
835
1243
3937
7580
9929
3514
2907
3053
7064
4419
2831
1448
9394
3586
9909
3598
9653
3423
2525
533
7652
2962
7553
7086
9222
3804
7513
3429
5760
6819
999
6594
8061
1287
4174
4341
1152
3432
3746
4567
7850
2928
6014
3595
6513
2275
7192
6165
5697
6068
6698
3348
5382
4250
433
4603
4405
4297
8031
164
1115
5381
6758
5528
6667
7283
9868
4170
714
3613
8737
4915
6540
4750
8510
9405
3376
2053
5569
9072
8121
8618
8772
3502
9219
9204
4456
3623
9853
2487
139
7319
4219
3248
2846
886
6882
9066
1407
7595
2678
143
8861
5570
1245
3722
1326
4620
5775
3246
44
247
8216
8815
100
7434
4370
4555
7409
4222
3393
7547
7893
7612
7146
738
4849
4027
9803
6255
7973
8833
2750
6833
754
3994
555
2079
4965
2681
1676
5008
2927
9891
3822
3026
3677
4544
3932
1085
5117
7325
4983
3009
4936
2128
99
6136
2506
9901
8742
478
5085
1491
7310
2190
5484
4216
620
449
6896
2296
1808
6174
2186
1982
9199
2214
6525
3131
9650
1641
6807
4632
1002
8094
3111
1100
4229
5616
1000
2970
2445
2437
4461
9755
4626
6296
322
5246
3096
7218
3893
1256
9743
2430
3237
8942
4644
9761
8424
4293
7753
1582
5277
8754
9675
4739
9853
255
6707
7205
9576
9151
5993
388
8905
618
6684
5579
2215
6131
2796
2459
7386
2538
4889
6974
7831
9532
6734
2606
176
4487
4187
5452
9592
213
191
9445
467
6897
3001
43
6047
8993
430
1304
5962
3465
6882
4529
5948
6029
6987
9685
4918
8227
6659
9101
4110
3392
8058
4286
4230
2245
6089
174
8809
6279
5970
5628
9527
8970
2022
1926
4314
2451
9581
275
2268
2814
4803
4567
8842
8142
4251
111
6368
909
9211
6830
653
7269
1115
1234
5865
7203
1407
1025
9834
7376
6652
5712
2697
8673
7637
7010
7476
3569
3637
6095
6382
4791
661
5223
2932
4911
1686
5652
2172
7248
2481
2824
4516
9947
409
6732
7149
1816
7757
3334
5543
760
9046
8240
5785
3034
5249
3260
6603
8885
5706
2984
28
6366
4559
2959
7628
6244
4962
6151
3491
7442
8974
4359
7388
5735
7442
889
7550
1550
4222
3092
2310
9619
7683
8094
9005
9284
7705
5607
4520
9762
4942
4547
6127
9500
7506
106
2095
2467
6257
5586
6261
1582
6296
10000
7316
3737
888
1217
5287
1462
4309
3948
7432
8343
8393
6436
7626
2449
2042
2146
2210
3336
6692
4688
2835
549
4793
4930
9368
7401
6867
1980
8983
3162
1979
6298
3250
9219
7515
8536
7032
8175
2483
4463
2869
875
899
495
3323
9292
8992
1884
2627
2035
6571
1814
8936
1364
3095
4655
8764
9961
6634
4098
9474
4964
6748
2723
4182
614
7611
1213
5140
93
2028
8008
7320
2926
8502
6994
8569
3845
8878
7548
5880
5448
5713
1167
3163
8807
5821
8279
5119
8806
2376
4592
3769
9123
7314
4303
9736
1276
5515
4875
1369
7542
9235
5040
6819
4088
8385
1740
7933
3614
5639
164
9062
1351
1330
8576
157
7150
6854
5275
2307
5582
6218
6075
4704
9883
377
792
1159
2244
2018
8879
6137
1252
3918
9308
5340
8654
1047
9624
2268
3037
9787
7681
4387
7468
6256
895
969
9462
6169
3275
5043
2386
9349
6098
8620
6078
6889
9778
8321
5259
8656
4457
6510
8925
116
8201
7579
1162
7824
9846
550
3962
7526
4936
1429
133
5830
2397
9594
8350
5671
4636
7087
1372
7086
5707
7449
326
5484
5769
5584
492
6577
8446
9416
6693
6646
6994
4206
822
6839
4756
1135
716
6043
2564
849
8225
1312
442
6574
3335
1430
13
4706
8515
5719
8506
8840
7554
626
4424
4397
7202
9221
3813
246
2218
806
804
3039
3997
1911
526
4712
7953
3089
1912
6177
752
2354
9103
4086
135
9115
5143
8649
1185
10000
7488
5090
625
8263
9487
4179
3835
9651
776
6053
456
1579
5443
804
3489
5968
1868
7794
5408
3779
322
6160
2484
9424
6597
2618
4890
8092
7618
2426
8091
1458
3868
5068
9720
3354
9246
3555
3004
21
5959
9811
7952
1401
6967
7792
7369
8834
5585
2776
8964
2259
5287
7800
1682
8236
417
2924
2679
8035
1701
7121
5844
5568
2188
1915
5273
1433
1821
4628
7806
7779
4439
2109
9180
7757
9900
2900
2942
1837
2027
1905
4095
3666
6056
2128
1901
6473
1403
4579
859
3104
1699
6702
8671
239
4968
3944
8023
6789
8571
5828
4567
9361
7936
3746
3469
4188
2997
6410
6024
5024
4667
118
8689
722
8597
589
3546
10000
1519
756
3103
9569
3809
8125
9807
8777
8420
4182
5565
3343
9
131
2703
4297
229
2524
4836
3225
8933
859
8248
9951
7328
3288
7025
2276
228
570
2275
1746
7678
1729
7667
1486
9854
3825
6614
8273
8006
2178
1615
4367
8661
670
5015
5241
3193
9850
4817
8477
7060
9417
4780
739
2704
1804
3014
2932
8725
5289
1029
6402
7017
8695
4240
3222
8872
853
1495
3229
9383
9461
7595
4395
6482
8961
9635
9674
8810
4451
4503
2221
3867
5634
2959
2923
7437
5973
5854
6161
1261
6882
8915
4629
1929
3154
4203
800
358
5697
4028
6092
1509
7975
486
7991
6935
6472
4016
2097
923
4870
4317
1141
503
7276
4063
7939
9600
6268
452
7212
3150
5718
1840
5078
5223
6042
2229
5580
8090
6256
8024
5951
582
8509
3941
3869
4981
7956
5965
2255
9178
6633
9747
9680
260
162
3971
9859
6429
4422
7070
9578
6491
5262
1007
1713
7655
3235
3644
2097
5843
1667
8047
6424
6528
1987
6644
1508
6294
8960
114
1823
5593
9860
1503
2204
21
5473
2063
2802
6246
5484
2379
9088
745
3386
800
4752
2972
4443
6848
8814
2462
4894
1590
8989
3232
8233
6848
5877
7193
6961
7700
9137
3172
5554
7692
3193
1026
9754
5994
3623
1590
4724
2710
8686
4461
9861
3437
7433
655
284
2598
3116
1529
4187
8456
1112
8772
5303
6989
5964
8615
1040
1452
1787
6593
9143
1331
3970
5249
3676
3944
6838
8399
6653
1875
9212
2865
5312
6644
3519
1947
5593
2987
3476
9780
1442
4587
8551
6745
7927
866
1711
5318
8669
3497
8262
4163
4827
8583
9411
4854
2526
2600
3253
5530
4475
8816
8394
6138
1811
1913
8084
7403
1251
1559
7182
2692
2498
2084
5788
6776
2949
7499
8446
7969
7347
6707
2132
8526
5290
7894
3379
4167
6846
6631
9697
7672
1798
4442
3809
3608
2706
8244
1011
3956
6155
8192
6648
8652
6628
8787
1779
9576
6285
6576
3897
3632
3283
6028
2157
4924
273
5535
9090
7118
8518
5138
1141
315
9580
1301
275
8637
9545
1285
2593
5699
5828
5592
702
2455
4378
8832
8383
663
5408
2279
646
8690
4658
9154
9965
4930
1040
5406
8400
5909
544
5892
2576
6475
7193
2850
5111
6737
4134
4055
8787
9961
9646
9488
2416
4024
8319
798
1038
3726
3076
1683
8767
4085
7188
5083
9014
8227
489
3765
4136
1032
9657
6711
3858
3201
9560
8968
6289
45
3023
5075
5
2668
914
2420
3043
9232
9569
4080
9310
8996
2114
4428
3080
5653
9511
8446
3880
9999
2210
4367
7382
8218
7429
1239
1418
3340
6558
4058
3384
9580
9132
3388
8600
45
2160
7994
5629
1728
2074
1290
7076
539
2069
155
6192
1579
8600
6423
7929
7162
7141
5310
1731
4569
2900
9501
7908
9458
3558
7643
5389
2690
7382
340
9086
9541
8334
1066
7621
6759
2355
4696
7297
4424
1202
9840
2354
9802
6262
283
3315
3402
1944
5045
4322
4844
4545
8581
653
4455
6223
6041
7144
3605
6381
2581
9497
1066
3647
7117
7824
6001
8164
5120
6776
9366
1312
9130
5519
7573
5764
5185
7327
7707
6581
1648
8902
7478
229
9554
1932
2803
1947
5427
6407
4679
8007
5904
5744
1653
9372
3567
4006
7536
5038
7133
3253
6349
6262
5123
274
2025
307
7600
6084
3239
5599
1337
716
2179
891
2647
4982
9189
8073
1388
3867
6080
3643
5962
4084
3015
5880
4441
6902
917
1574
6506
3618
4187
7980
3891
2564
4638
7842
4999
7876
9792
6335
8592
1971
3577
1238
6952
2765
5663
8339
2983
8094
8334
5296
2177
7700
1175
2970
4601
8444
895
7458
2061
5081
5437
2303
3996
74
6496
8994
7949
6287
5329
6540
8257
8905
4130
1560
8022
9792
6251
1004
7885
4584
2652
6413
2283
3826
9382
3235
2269
6628
692
681
1709
2480
9335
5704
2553
2182
1050
6853
8469
6378
9745
3077
1634
226
4637
9655
17
887
7011
4253
5470
9662
665
4104
9839
6399
7338
2108
3026
4381
9140
1086
6860
8475
3142
5764
656
4191
2616
5476
6920
8712
4905
8553
8937
9541
4560
5305
6779
7922
9557
8600
7583
6574
2703
7421
9324
6392
5880
8701
772
1372
9787
7631
9846
9280
9746
6853
9822
2361
8681
6741
7425
3585
1645
6361
9477
2556
8018
2607
477
7574
1206
8059
499
260
1832
9822
6651
4063
8523
3774
5434
4661
1404
1631
292
1149
4836
113
9861
3516
3205
3637
3452
4849
6350
2928
7405
4367
1886
7881
1940
3091
2292
8791
3350
475
8612
6352
4537
3486
125
9971
8146
7880
1601
8437
5380
6436
4901
1592
6303
8105
5229
9754
9306
1578
9033
6710
5944
918
942
4235
360
9585
3025
61
59
1637
6412
948
5122
2888
7270
9620
767
8870
4408
6146
1658
9309
7738
4312
7413
2966
418
3070
895
9450
6131
6838
6720
3425
1072
3431
3009
4097
3492
9420
2085
6255
367
3558
9143
3988
9529
9909
9209
3937
6055
866
9597
144
1530
3361
9461
1947
6431
355
7748
2561
7192
819
5985
4615
4250
5346
5063
7741
4765
7147
3995
1483
7057
3137
5470
6585
9398
4678
6873
1804
1896
6469
1947
9777
6182
7759
1723
2612
8113
9470
1524
1656
289
7509
6270
890
2854
1333
8630
3970
4831
8976
1804
1887
8465
3625
4824
7862
4654
1696
9665
2901
4517
7963
2677
698
5721
4399
9661
185
221
1184
1840
6861
8692
4461
7750
7897
5793
2731
8218
6976
8058
21
8862
6522
9997
37
735
4651
8085
6751
7551
2601
4713
6580
9650
6785
978
9310
6969
7550
493
5160
4410
5537
9621
2159
3433
5413
1241
8003
2388
9299
8023
7602
5820
4372
3990
6555
9022
2074
3305
2924
4674
4370
9503
675
1154
6833
9984
4475
734
6829
9634
5144
2365
9254
3654
2149
1019
4895
151
9758
545
4526
3711
6364
8897
7701
9270
7918
9774
8927
7193
800
9648
3048
7826
7153
6232
7810
1627
6965
990
7613
8460
3354
3218
2114
5502
588
3360
5653
346
3904
178
408
6619
5426
8108
2241
3343
4234
7519
6887
1385
7166
6286
9210
670
2517
7019
8649
5834
8008
6261
4293
7713
5830
2758
9567
6418
6117
5219
6763
6372
1748
7170
2991
7173
1630
1583
6867
5863
9101
105
7247
2618
6391
2808
3287
5259
9827
1935
1092
4186
4547
5385
8251
6729
8142
7817
3146
611
9387
6260
6982
1134
9781
6324
4658
1410
7906
7876
3624
3358
7980
7222
5975
722
30
5614
5981
6208
3900
7072
6745
4799
8808
4995
1527
3302
2811
4672
264
2197
931
7245
9682
7063
9921
691
8473
7826
8566
8448
1184
2898
2022
3510
3619
2051
9123
5951
4610
3023
9375
1354
7821
4534
2701
5699
7835
1863
370
8098
412
7652
1695
6445
4714
1615
7136
9538
5792
2053
7986
3327
4950
7
3189
4921
8409
2311
871
3018
1685
6597
723
5857
1131
3423
1555
5317
1638
8276
3415
2049
5927
1461
8493
641
9427
5628
178
1570
4033
4515
4897
8982
4521
8085
254
9281
6747
7477
8650
4784
4073
9373
640
5203
9147
8547
520
784
6822
286
9184
2749
8098
7677
9741
7524
9656
6270
9093
40
785
341
9022
1657
8425
5627
938
1524
3103
9587
6307
3528
8959
3298
5082
4458
1844
5601
1593
8666
2238
777
7766
335
4805
7506
4210
4460
3775
9655
4500
911
9995
9873
2568
4772
1851
3505
6295
1306
3091
8953
4833
8402
2250
9914
9211
4094
1867
803
9111
4104
1579
6876
791
6383
733
5000
7195
859
4654
8046
1770
1001
4270
689
5772
6120
4193
8418
3777
3635
7370
8609
8388
5971
4875
7598
64
6741
8401
9174
7196
9979
2401
7986
2714
9485
9338
6260
344
343
4305
8465
1343
4926
9153
3466
7397
9697
1883
1174
3331
5604
6134
1719
1575
1008
9316
7990
7748
4068
7164
4944
399
5916
9281
3112
5401
8618
5723
2096
8961
6379
560
303
1304
6064
121
8700
5760
8355
6225
5442
3959
2359
7160
1885
3366
2828
9874
7466
6895
3389
8761
3645
9305
8041
3108
1057
3011
8830
3152
8323
5208
63
4977
2863
6126
5097
1563
8237
3452
4139
3678
3762
6497
7190
5646
6215
17
1871
3680
3263
5260
8792
6908
916
3184
15
1972
6194
8845
1475
4516
404
7889
5845
3267
4014
941
1181
8602
4392
5319
2279
8153
1816
9468
150
4382
5836
2021
4413
9099
7280
3204
2358
4547
6387
2372
2870
8933
7568
696
9800
7972
8584
5644
7590
8949
6585
8770
7550
7328
4088
6180
1833
2255
5648
1982
6636
7835
4002
1048
6933
7633
603
5642
8531
3342
4366
1400
2274
1933
2095
8425
6256
678
4069
3845
5978
7005
2614
3527
684
3054
9707
2516
5308
1706
4498
8296
9540
4851
5695
2825
2484
6298
8466
7366
9639
9183
8766
8264
1116
7212
6688
3723
4242
7108
7568
219
464
6533
3746
1148
9586
9804
15
1246
7861
864
9541
7400
5715
5235
6576
4550
7884
1394
1915
7522
576
680
5785
8043
4244
8825
1766
8485
2284
5685
8703
2748
2217
8800
247
8155
4955
261
5752
2815
1125
1644
6567
6839
6878
9494
7740
1114
887
9654
8635
1463
6686
772
5857
929
5948
7622
5765
8231
3306
819
7330
1875
5971
7576
6381
925
7837
2132
92
5313
127
3010
8503
7004
2503
6242
8117
3390
2247
3104
1204
8932
227
7060
6212
6174
1034
8328
756
691
5499
8086
8917
1469
5661
1649
8745
9849
132
5188
5161
258
8197
15
7262
700
6256
1730
4089
4855
1185
1644
138
1411
5055
2702
3936
6088
1029
4692
6779
6527
2777
2047
4347
8437
3696
3092
4638
3827
8279
9798
4085
6476
6165
7698
3527
8772
9427
7615
3626
612
5610
3764
8374
664
6465
2310
6752
3845
7001
9882
6724
6129
1928
1070
4565
5623
513
5554
5802
5144
5352
9886
1619
1516
7583
5145
287
3361
9111
265
324
4720
4028
8698
1735
6844
7359
8486
7040
711
4719
3763
6839
2999
1185
7755
4973
1697
3309
774
6840
5012
659
4810
2879
4593
6306
9517
7954
5416
9781
8277
6487
160
6974
8222
3355
684
3059
395
1394
4130
4157
8232
7128
5341
2339
8452
3390
5647
9226
229
658
6236
1391
9888
829
7696
9404
8782
9464
9185
3410
2302
5696
6736
523
9051
7419
9934
9445
8813
415
9953
3396
3894
1646
2086
2345
5035
7732
7922
1615
4741
4158
3005
4628
1338
701
384
119
6516
9568
9880
8817
1615
6615
5692
665
4034
1977
109
9198
2391
6414
8945
6284
8059
1031
4980
9445
5114
2902
1059
6207
7059
416
834
4748
7468
7569
4866
3983
3488
1097
2799
5103
7712
8490
5767
8097
466
2228
3646
9208
8641
8942
1843
3051
9972
6823
2495
1438
9724
9905
7644
3134
320
4829
7881
7787
2398
9098
1769
5885
194
4568
987
4257
9409
3106
2353
6227
1685
2350
5434
6677
1292
7277
9727
7615
4099
8573
9052
174
8477
3047
3307
8797
7876
7539
6583
6625
6636
4704
8861
3181
9271
6200
7438
5031
9305
6142
1257
7341
8492
3043
4017
9783
319
95
7397
769
8667
2801
942
3495
5847
600
2291
74
8138
5226
3050
1125
9929
1911
4305
5551
8110
8094
581
3766
4236
8190
1106
9079
1232
1474
8861
1550
1568
2609
8670
6586
1761
9611
6432
3960
6562
8723
4033
4699
300
7083
2175
228
5345
2831
5778
9806
925
2710
3571
1512
899
1028
590
2130
2501
5802
31
420
4762
8700
3357
6523
4662
9788
482
1223
4862
866
2273
5161
4300
4447
1740
9644
3630
3869
5801
4554
6579
9371
2417
3829
6750
9358
5959
9250
5159
2341
6021
6272
7393
5729
9146
2054
5517
5979
9629
6730
6845
8253
8243
7496
2700
9982
3492
2681
3851
9292
7234
6781
8663
6002
609
5412
5359
2919
1014
6869
5260
3386
3140
9004
9115
8638
7409
983
4616
7037
7712
1460
5290
5954
5308
4341
2288
8799
3373
6138
8090
606
9270
3104
6607
9878
4868
8317
2797
2233
5185
4408
5618
4676
9763
1084
3313
7171
2066
7929
560
9778
5740
2201
2083
7399
2893
4370
6197
6265
6859
639
3222
6128
3742
6180
6006
4961
4496
5154
7193
9680
5913
9163
707
5675
246
4020
2845
2312
8300
9756
8441
391
1956
523
7790
4848
1245
338
1112
4455
976
4333
583
4718
512
2940
9678
5007
8093
3223
1038
357
2385
1745
6031
2630
2116
5227
1293
6767
4983
9733
7157
6938
6608
1298
8138
4204
1636
9249
8658
2611
9934
9240
3680
445
8531
9710
1804
6623
2932
9193
3331
5316
7289
9361
4297
9404
940
5590
2522
5922
1674
6031
9211
4633
7328
7348
8836
5315
2949
3846
7926
2882
9437
7957
9678
7968
7666
1481
942
597
7026
4273
2264
4314
9985
6561
70
924
8502
2591
3197
6527
8621
2408
1160
2301
6107
6347
7615
9055
192
1892
1936
5981
9849
1614
3948
7514
9446
4889
4463
6471
5513
6726
785
5498
9638
854
2773
4491
9796
5970
1018
8417
4729
8529
717
835
1227
4683
6242
7771
6575
8177
3751
6423
6142
7698
288
1940
8938
4750
8410
4451
7828
5546
9948
3817
2751
2720
8308
2547
5041
5677
7315
9769
4205
4383
6956
1783
9065
3197
9553
5639
7725
3303
8413
3867
1000
8701
5806
6290
9802
567
740
7629
6113
7039
7798
5215
6110
6105
4113
1151
8133
1427
7271
8689
5809
578
471
1226
3774
24
6864
1499
3326
5277
1717
678
329
3874
6967
130
4440
4058
4111
6904
1096
1908
2119
3557
4364
6231
4707
2496
4010
8330
7536
6170
8907
8006
7395
9033
8029
4259
6883
7707
5887
8599
4736
2567
8824
1702
9048
3263
2111
3158
6519
3206
1417
4989
6762
2132
7571
7821
979
1580
2502
8514
7750
7760
6520
5144
6792
900
5754
3674
8606
7992
8624
3341
558
7447
1394
9606
7062
3504
9115
9932
3061
532
4920
6175
9015
2490
347
9994
422
9200
8507
8171
6959
1378
9666
103
2278
5420
3776
883
3411
8752
576
321
2550
8321
9926
5963
1825
9040
5894
1237
5923
813
3763
4938
9655
4109
1283
76
3308
9789
4598
267
1167
4263
369
9796
6034
496
7030
5797
5599
3957
6117
8149
2278
6042
4111
454
1433
6357
1690
7356
7169
5453
8645
6823
5913
9927
3250
5573
6067
7847
5839
7233
2110
2559
3380
4495
9406
410
291
1357
4366
6407
5857
6643
8800
6319
3448
233
2675
5138
3940
9844
6942
8936
3018
9206
8862
2620
4778
4928
466
6968
8513
8927
5878
1892
3422
5284
8653
3712
2992
9371
6471
8848
6013
5270
5166
9461
1854
7841
950
2145
4036
4243
1080
3405
3448
9941
6024
8226
1221
2842
5193
9733
1768
1071
7976
1541
2706
6629
5253
5697
5999
1723
896
8363
3344
6061
4175
1550
253
1476
3694
640
5718
1126
397
5518
1066
6420
95
8638
5613
5287
8370
3733
2709
2698
5273
1766
9326
525
3814
1676
8599
4709
6390
8295
7122
565
9844
7374
8392
9889
4366
4110
1014
4762
5979
8432
7533
6073
7069
3146
7711
1791
6878
420
4488
8502
2185
3813
9027
2351
1840
3977
7059
8229
2271
4180
8793
8466
7906
3537
8355
2271
3998
9368
3384
9976
7799
916
6048
1220
413
110
3010
3642
6881
7497
2144
5418
7661
7522
7768
9500
7850
4826
4080
121
5358
9225
4938
3263
2761
3292
1885
6758
9012
1620
6733
3162
2535
9132
4381
9300
9241
3742
2941
6122
1238
1436
1539
5250
8957
5658
4749
6807
483
8829
3279
5840
8053
8216
5454
7165
7860
3690
3922
3223
5309
654
6384
4196
6137
7117
3495
1729
858
2787
4202
8448
4223
2092
3697
9531
7749
4798
6337
8232
9978
5967
423
4382
535
2229
1546
4746
5918
5467
7968
7579
2472
703
8126
4960
4171
1620
6688
1381
758
890
9828
4980
2981
9876
4511
7082
1025
7199
5313
7354
9518
2087
1735
52
4315
9632
1149
6585
1450
9116
515
3921
6170
8640
8880
341
6611
1920
1721
7368
2809
7900
8700
2141
4127
9562
9222
5152
3112
886
8857
2629
9325
592
9032
9991
6575
180
6575
8025
5647
3441
8297
1817
2080
3529
2157
8690
5448
229
2410
4608
8128
1109
3100
8606
670
8674
3757
133
5911
2614
2762
5235
9557
8145
5226
2483
8325
8152
507
3971
1593
5156
2139
24
5036
647
8714
6835
875
7475
1442
5354
8583
893
3960
5604
9566
4068
5736
5477
3033
4849
7063
8941
2994
8640
1424
7670
6792
8282
1640
4736
9789
131
4759
4824
777
9824
1658
8004
3650
9451
9709
2232
344
3668
4187
6261
4088
6275
8089
3472
7475
5152
2413
6820
3791
188
4489
6934
8469
2481
8021
4610
2611
9132
9433
9739
8955
7443
7742
2605
6893
7451
1188
7236
7470
1727
9849
1557
4353
7937
5029
1827
9440
3793
8647
9583
3980
3135
6516
8800
1967
4537
3409
4577
3668
9194
4316
8974
6636
8409
7930
3528
5859
5470
7116
9681
7196
6964
1237
7900
1252
2617
9726
692
2761
4724
274
3092
4211
3141
1892
6177
7677
1652
7106
7696
7197
7773
3022
3832
6181
7303
3712
8392
2772
827
8072
6319
4142
5660
4218
1745
4629
296
2436
7389
1371
2709
6833
5581
5850
8724
8110
9878
6727
5215
3926
276
2987
3299
4107
9167
601
4170
7558
9725
1348
1981
2395
5489
7641
6613
7234
2269
3260
6021
6009
4630
5082
2841
6563
7283
7916
4672
7160
995
9886
7437
1270
9224
735
5376
8390
7688
9546
2300
7412
893
4280
9806
2734
8272
2770
6319
540
2381
2339
6549
7011
3772
5741
9925
1054
3657
4596
4566
4651
4481
2002
5920
3704
9089
7647
8445
3128
3544
7096
6891
789
7728
3048
3522
5999
5818
6192
2891
4550
4882
5791
7912
8654
1531
7836
9707
1539
2431
4272
6189
3263
2626
2108
3318
8066
6107
1763
1193
9650
5210
8083
438
2937
1130
311
5288
3299
6502
4530
4201
1384
320
2112
6389
8202
9948
2447
9741
8730
6719
5929
1993
5696
4389
5310
3761
495
3424
4953
144
4986
9387
582
4274
6868
892
9561
6519
3746
4090
719
1481
761
2830
7869
8963
9129
315
8703
7859
3385
983
9851
9080
5371
1512
9192
2217
4936
4144
8713
9921
9882
5646
4194
6750
6537
107
9620
6634
548
338
8114
1309
9519
2334
6623
5000
9001
1677
2858
2385
2659
9060
7817
4382
571
7008
6598
1858
7504
1662
8130
7385
7307
8676
486
196
5134
105
6829
5681
6794
1295
3341
2665
3628
9963
7664
2628
1639
6873
1365
650
5932
9181
5031
2854
2540
7980
4712
43
9642
9193
3780
6948
7868
4265
7143
3001
722
324
5034
3867
1618
8374
6531
1597
4689
546
577
6327
7418
1941
6976
9701
7473
8358
2555
12
6338
3618
6407
5979
9162
186
9278
3382
4450
2773
2734
1523
9448
7767
5390
7417
2493
8272
9013
7181
8818
5941
3507
2587
7881
6835
2288
1705
5192
1194
8069
1529
4811
4475
3859
324
1012
9489
3705
1813
8613
6439
3336
8060
4205
5077
5476
6697
3348
840
3877
8517
6781
3736
1104
1013
570
9743
9070
5761
936
7138
3642
2098
7964
3852
2421
8975
3340
6126
787
1952
2564
474
6363
3120
5550
1838
9817
5250
2678
45
3766
5810
3780
1221
6822
701
963
5891
2814
1898
9380
6455
347
7343
6658
2768
2669
9998
5245
9808
8301
7808
281
4664
7279
2183
2853
7095
7432
1882
3492
7549
7691
3623
8770
865
4324
9732
6755
7137
7982
6135
9943
4680
9829
6600
7447
2498
2949
2691
2305
7602
6850
8937
8617
4129
1119
7821
7575
4902
9703
7418
2451
3745
1041
7572
4609
5364
3655
7716
8852
1636
202
5146
2668
30
1745
114
8879
1046
9157
1183
4999
2358
6472
3615
2838
7590
1435
6765
8844
7489
4182
1294
1234
5222
8865
5842
6937
2519
9909
2140
507
110
7285
3174
140
5382
9639
5370
2779
5147
2905
7777
7505
9376
7743
6694
6965
9177
3458
5808
6666
7640
3453
4251
9213
8669
92
2502
7540
6353
993
4398
6462
4630
3923
2953
6363
3561
8323
9141
5060
1227
3269
8916
602
1011
5609
3918
187
9067
6078
3204
3058
5882
7454
8622
4551
3898
1123
2090
250
8468
2839
3063
3097
6761
6016
9459
6673
690
4951
1732
8268
8219
647
5221
9229
2608
9138
5767
1674
1567
5323
1083
7449
2776
9704
8351
3025
7179
6792
3274
5646
9630
6337
8742
2742
8704
4552
9414
5745
9502
7498
4012
7720
4496
9232
3300
7103
4721
5418
5128
6288
740
2562
88
3516
2266
4790
6540
9444
7933
6166
1441
3914
8854
182
6655
3909
1085
2420
9653
586
6269
3664
4657
765
9247
4308
4219
3967
9725
5699
6606
6817
8260
3045
6684
6877
7834
3223
6320
2118
5740
7760
6031
945
4293
2685
4853
1729
5105
857
2314
1373
872
3322
8489
118
3981
9060
437
58
1110
7042
6874
9369
6439
3557
6246
4272
3131
8917
6390
8871
3029
8772
6167
3673
1457
1020
5402
2913
8228
4067
637
9100
7389
5478
5569
7721
4537
6005
7778
5646
3047
4651
1366
9485
8207
3963
108
7690
9232
2849
2912
2260
1621
9078
2284
9429
6449
7685
2341
4677
1752
9329
128
5492
4806
5696
3212
9342
1701
990
1339
1099
1992
9057
6935
6551
9371
3394
4240
4954
2595
7151
3565
567
6228
5849
9995
9029
3533
8687
3705
5284
8015
184
775
2821
5879
339
8514
3931
1328
6205
5029
9671
1613
8315
6221
7335
1709
6812
2289
655
3962
5853
1221
6542
8053
7567
1922
1586
2605
5626
3221
619
2161
3996
9791
8039
686
4657
1970
8365
7213
3350
8035
5177
1665
608
2511
9725
7419
1151
6731
7733
3356
7951
626
1408
1869
2547
2993
4473
4524
6214
1443
6684
6561
1234
4722
7246
2242
3043
1962
9454
2745
9996
4630
4409
603
3492
485
4374
4643
3567
2106
7998
7869
2731
9405
9737
1629
8750
4209
6152
1315
2003
2835
4227
9588
3908
7824
1829
6951
9785
7634
9695
9780
8615
455
6735
2107
7291
1108
3101
857
9565
7450
8725
2295
3206
4813
275
1955
5373
6426
9621
7375
5612
3847
6963
9519
8022
5143
2821
7806
2777
8867
3938
1391
5673
672
9849
9315
8131
9301
6523
7695
6750
5247
6341
9956
6411
6615
1910
1783
9392
7883
5510
5003
1729
2472
4521
9751
7614
3694
3908
6742
2560
7845
4485
8233
4868
4333
7547
2998
3634
4070
7044
383
5668
3384
6690
8431
6350
4952
213
5741
2834
2074
743
4562
897
1616
664
8511
5309
4572
1604
7868
8768
6088
2452
3636
421
6351
2985
406
6772
29
7140
8791
9764
3830
7221
6114
8781
3786
1854
1614
5859
8949
2527
6756
564
9543
1618
5872
466
3221
91
9233
5661
8895
2868
6081
5245
5853
2838
2016
2233
6329
806
1996
6510
4379
8109
5290
8164
6315
3255
374
5263
2134
7129
2178
1676
5098
4401
2141
4671
4491
1373
331
3385
593
2763
4981
2797
5600
3348
5029
8280
4154
7024
4790
4884
5133
79
3047
7799
9686
9772
9413
8171
6901
1590
9846
8350
5990
8338
3020
6832
6062
3350
6569
6654
6112
1549
5802
8063
4897
830
6343
5402
4206
1132
285
5690
7562
9683
3488
3599
9454
2900
1769
2706
4489
7966
7408
6830
6303
427
13
2365
3777
6581
5370
6240
4482
7524
4303
9378
8353
6997
1131
8910
4480
7767
4599
2041
7449
8086
1992
3254
7337
3760
2312
1825
1726
9719
5006
8028
145
5019
6744
273
1599
8466
2865
6080
5989
3519
1809
693
515
9291
9603
1346
7057
4201
3386
857
8639
1729
463
5975
5489
2774
4152
3566
2492
9157
1593
8988
527
4689
5613
8478
9506
4829
909
5494
8347
2718
2538
5213
8360
2140
6558
5417
2693
6295
6273
1331
8024
3087
7305
3512
5860
1456
7077
4703
6965
5021
43
7491
6061
2007
5968
5566
6835
3229
7411
5181
2298
9949
6745
657
8440
3302
6073
1132
5948
8698
2462
3971
1784
6119
3834
3996
7574
910
5050
890
2283
5092
8381
4695
7098
700
261
3932
280
4023
5464
2577
3971
8560
3234
2411
1861
5658
9894
7809
707
8708
8131
2491
4826
1965
2838
8751
9226
7887
9641
1508
2979
4373
2555
6428
1424
2815
6712
1704
6837
8527
4280
7160
7087
3865
5922
5299
9523
5815
9459
229
4522
7590
9071
5699
9554
1908
4450
8779
6147
442
6639
5477
4814
9193
1904
2589
8359
4967
4292
1547
3494
4924
5058
6932
8788
979
2230
4662
3146
1689
1243
4019
5630
313
9718
5183
8573
519
313
4719
960
3303
195
2125
8847
8450
4713
3557
3417
9005
5104
3262
280
161
193
5419
7492
8774
81
637
6814
1323
4655
2443
7987
724
3977
6559
1242
4290
7629
8553
3944
4175
677
2791
8977
5390
6347
8745
746
7802
2006
7377
7963
8550
2795
1806
7323
2875
2442
4137
549
3448
6579
8536
524
6908
1446
8117
1197
5427
6670
1492
9601
7346
634
8577
9087
3333
7321
9832
1134
5678
7208
5448
4227
3
7253
7902
9229
6046
8390
6130
9494
1320
1017
17
8227
2462
8133
5775
4240
1154
7267
3841
8500
7900
8769
7586
1232
2442
3770
8718
8119
977
4165
8698
7331
7770
2951
2912
3815
1340
5393
3308
2659
6409
9676
886
5222
4161
3012
9462
1666
278
9654
165
4530
8422
4103
2113
863
7872
830
5334
5200
1347
383
8883
9116
3333
8146
2930
4672
3538
2590
3682
6298
8617
919
1519
9129
3931
7332
795
560
3337
7311
5089
1759
1413
7202
8973
5636
4383
658
7188
5729
1040
6070
4844
4372
4215
4126
5395
4104
6715
9077
401
1683
9995
8271
812
277
1955
1606
837
5291
8916
5925
3401
6681
9478
8726
2316
213
5735
9503
5941
6775
1924
7137
7498
2490
1262
9245
6593
4328
8321
3345
6010
4667
7968
3173
1296
6274
1130
2132
1564
46
4408
1317
3078
238
6394
5393
450
2128
1248
6390
8902
3171
9878
2752
5661
1139
1996
8605
1818
6668
8302
4180
7686
2621
7352
8981
8894
8482
1112
6809
4879
1872
8125
7956
2109
870
9700
2558
2998
947
5299
8251
4118
1529
1002
6130
9019
9349
1086
837
6016
9387
5016
3702
2007
8719
9034
7252
3552
6498
4061
8430
8369
8537
6385
6829
9407
6085
5738
2404
3383
7388
654
3852
8916
8008
9981
7935
7356
7419
5123
3372
3157
6490
3425
1516
5208
8810
8767
8760
5307
2827
3541
27
1364
9926
3207
7122
2362
8944
9525
2096
2684
6530
5948
1599
4537
2280
5885
1893
9698
1007
1616
2855
7496
1392
4370
9056
6553
3136
4167
1860
2315
7707
8238
30
3984
1445
7151
2697
388
3027
4793
3071
9556
740
1022
445
3019
6906
8689
2717
4265
6656
1923
1760
8047
6292
7167
4599
5779
1333
2810
4445
9040
1048
4474
9375
8844
1624
2072
9231
4650
6864
8654
558
7603
6027
1002
6973
2932
9690
6041
3548
